2 0.40497106481481476 0.534519675925926 0.09833333333333343 0.16163194444444445
2 0.45545717592592594 0.3358217592592593 0.07424768518518512 0.1380208333333334
2 0.1754398148148148 0.1075810185185185 0.06109953703703708 0.11521990740740744
2 0.3865509259259259 0.15066550925925926 0.06744212962962966 0.11880787037037041
2 0.9426967592592593 0.37019675925925927 0.07861111111111115 0.12743055555555555
2 0.7259664351851851 0.2695891203703703 0.06417824074074083 0.11388888888888893
2 0.9742824074074073 0.36574074074074076 0.051435185185185264 0.13275462962962958
2 0.6395428240740741 0.47094907407407405 0.07856481481481481 0.12586805555555552
2 0.6877430555555556 0.5386284722222221 0.09065972222222225 0.16574074074074083
2 0.5480208333333334 0.47381365740740744 0.08679398148148146 0.14050925925925917
2 0.5027025462962963 0.4505497685185185 0.08417824074074076 0.15746527777777786
2 0.11208912037037036 0.3213252314814815 0.09700231481481483 0.16932870370370362
3 0.34359953703703705 0.3394097222222222 0.07263888888888888 0.13634259259259257
0 0.6012789351851853 0.4479456018518519 0.03070601851851862 0.03657407407407405
2 0.9373958333333334 0.825491898148148 0.04859953703703681 0.11429398148148166
2 0.9520833333333332 0.4227430555555555 0.06284722222222214 0.1215856481481481