2 0.07097222222222221 0.23606481481481484 0.04236111111111111 0.11159722222222221
3 0.10564236111111111 0.4253298611111111 0.0642013888888889 0.147175925925926
0 0.5968055555555555 0.45991898148148147 0.019999999999999928 0.02923611111111111
2 0.2695659722222222 0.40292824074074074 0.05555555555555554 0.12796296296296283
2 0.2536111111111111 0.6032928240740741 0.07013888888888893 0.17557870370370382
2 0.4110069444444444 0.5162731481481482 0.053611111111111144 0.15434027777777787
2 0.3512673611111111 0.4328356481481482 0.05048611111111114 0.15415509259259252
2 0.5027777777777778 0.4958622685185185 0.0561805555555555 0.142025462962963
2 0.5377604166666666 0.3256076388888889 0.049722222222222355 0.1369675925925926
2 0.5965104166666666 0.41368634259259257 0.045763888888888896 0.11803240740740754
2 0.6687152777777777 0.5691435185185185 0.08097222222222236 0.13881944444444444
2 0.8085590277777778 0.40118634259259256 0.04375 0.1428472222222222
2 0.8438888888888888 0.4346122685185184 0.05222222222222221 0.12309027777777785
2 0.909236111111111 0.48 0.05059027777777771 0.12143518518518519