2 0.45078125 0.5770312499999999 0.07204861111111108 0.1514930555555555
2 0.49684027777777773 0.541423611111111 0.05124999999999993 0.12871527777777772
2 0.7509895833333333 0.5543229166666667 0.06739583333333332 0.15284722222222236
2 0.81015625 0.45569444444444446 0.07527777777777764 0.1563194444444445
2 0.8489583333333333 0.2198263888888889 0.056458333333333145 0.08211805555555554
2 0.6498958333333333 0.3270138888888889 0.031874999999999966 0.09975694444444443
2 0.6253993055555556 0.1649826388888889 0.023784722222222145 0.08690972222222224
2 0.4998611111111112 0.19475694444444444 0.03649305555555564 0.09684027777777775
2 0.3743402777777778 0.29399305555555555 0.04298611111111113 0.10805555555555557
2 0.31895833333333334 0.2925520833333334 0.03229166666666661 0.11850694444444443
2 0.049479166666666664 0.4777951388888889 0.05003472222222223 0.1442708333333334
2 0.22505208333333332 0.61984375 0.04874999999999998 0.1567013888888889
2 0.2698784722222222 0.7099479166666667 0.055763888888888856 0.19135416666666671
2 0.4975347222222222 0.36968750000000006 0.043368055555555604 0.12524305555555557
3 0.6254513888888888 0.3733680555555555 0.043368055555555604 0.12524305555555557
3 0.48543402777777783 0.10642361111111112 0.028472222222222142 0.08711805555555556
0 0.5397569444444444 0.5769791666666666 0.014861111111111214 0.03656249999999996