2 0.14765625 0.390625 0.05625 0.13828125
0 0.67265625 0.50078125 0.01484375 0.04453125
2 0.48203125 0.4140625 0.0578125 0.1484375
2 0.20234375 0.3546875 0.040625 0.13359375
2 0.15078125 0.58125 0.0625 0.1609375
2 0.29296875 0.475 0.0453125 0.13203125
2 0.3109375 0.40234375 0.034375 0.14453125
2 0.41875 0.29609375 0.0390625 0.11875
2 0.65546875 0.3546875 0.040625 0.109375
2 0.72265625 0.36953125 0.04140625 0.1265625
2 0.70859375 0.50859375 0.0515625 0.159375
2 0.8375 0.42578125 0.0703125 0.13203125