2 0.0290625 0.35796875 0.045347222222222226 0.14343750000000002
2 0.015555555555555555 0.41856481481481483 0.016041666666666666 0.15974537037037032
2 0.03836805555555556 0.6008217592592592 0.05395833333333333 0.1796064814814816
2 0.10397569444444446 0.4221990740740741 0.07222222222222223 0.15828703703703706
2 0.1510763888888889 0.4661458333333333 0.06565972222222224 0.1440393518518519
2 0.27361111111111114 0.2811458333333333 0.05888888888888886 0.12041666666666666
2 0.37223958333333335 0.39236111111111105 0.07829861111111107 0.1506597222222222
2 0.525625 0.3291840277777778 0.05770833333333343 0.13755787037037032
2 0.5884895833333333 0.3437384259259259 0.04663194444444443 0.13098379629629625
2 0.6230729166666666 0.4576331018518518 0.06618055555555565 0.1674768518518519
2 0.72546875 0.3865856481481481 0.08440972222222225 0.14459490740740738
2 0.8593055555555555 0.5342824074074074 0.06302083333333357 0.16582175925925924
0 0.7428472222222222 0.5353877314814814 0.018020833333333285 0.03800925925925931