2 0.2151851851851852 0.34729166666666667 0.08722222222222217 0.14767361111111113
2 0.4252719907407407 0.2190046296296296 0.07013888888888893 0.11908564814814815
2 0.473119212962963 0.23636574074074074 0.06685185185185176 0.11586805555555557
2 0.5839525462962963 0.15561921296296294 0.06135416666666664 0.10010416666666666
2 0.36429976851851853 0.5823032407407408 0.08953703703703705 0.1321412037037037
2 0.40887731481481476 0.6271469907407408 0.09250000000000007 0.12910879629629618
2 0.4409085648148148 0.6261979166666667 0.07596064814814803 0.14109953703703706
2 0.6615162037037037 0.7159027777777778 0.09331018518518519 0.14473379629629618
2 0.8885648148148148 0.6129340277777777 0.09223379629629633 0.15406250000000005
2 0.9649739583333332 0.5001851851851852 0.07005208333333357 0.14436342592592588
2 0.769994212962963 0.3332002314814815 0.06135416666666664 0.10010416666666666
2 0.826880787037037 0.253269675925926 0.05790509259259267 0.09376157407407408
2 0.6977199074074074 0.16163773148148147 0.05049768518518505 0.1013425925925926
2 0.6796643518518518 0.32648726851851856 0.06790509259259263 0.13618055555555558
3 0.6081712962962963 0.36616319444444445 0.07143518518518518 0.14408564814814823
3 0.6046064814814816 0.08615162037037036 0.04976851851851851 0.08728009259259259
0 0.36971064814814814 0.6564756944444444 0.0253009259259259 0.03663194444444447