2 0.14765625 0.6275000000000001 0.08635416666666665 0.15354166666666663
2 0.14953125 0.38788194444444446 0.051736111111111115 0.1114583333333333
2 0.2615798611111111 0.47840277777777784 0.0750694444444445 0.1452430555555555
2 0.9847048611111111 0.5160763888888888 0.030590277777777786 0.1772916666666667
2 0.8072743055555556 0.3570833333333333 0.07145833333333336 0.13416666666666668
2 0.36548611111111107 0.29765625 0.0692013888888889 0.11847222222222217
2 0.7010069444444444 0.4494791666666666 0.07881944444444447 0.1594444444444445
2 0.4663368055555555 0.40041666666666664 0.07614583333333336 0.134375
2 0.6099131944444445 0.3196701388888889 0.06989583333333335 0.13409722222222217
2 0.2399652777777778 0.43239583333333337 0.07690972222222223 0.1515625
0 0.7279340277777777 0.47411458333333334 0.02802083333333343 0.03399305555555561
2 0.6737673611111111 0.31213541666666667 0.07322916666666668 0.13892361111111118
2 0.10661458333333333 0.4438020833333334 0.06506944444444444 0.13076388888888885