2 0.08791666666666667 0.5238194444444444 0.08708333333333332 0.13611111111111107
2 0.22489583333333335 0.3234375 0.06645833333333329 0.10756944444444443
2 0.27421875 0.32296874999999997 0.06177083333333329 0.10746527777777785
2 0.34651041666666665 0.2009548611111111 0.05270833333333336 0.0885416666666667
2 0.32817708333333334 0.6872048611111111 0.09697916666666666 0.14413194444444458
2 0.40864583333333326 0.6889930555555555 0.08541666666666678 0.134513888888889
2 0.43322916666666667 0.6840625 0.09083333333333332 0.14555555555555558
2 0.65453125 0.6858506944444445 0.10416666666666678 0.15833333333333321
2 0.8386979166666666 0.47008680555555554 0.09281250000000014 0.1518402777777778
2 0.8509895833333333 0.33265625 0.08739583333333342 0.14079861111111117
2 0.8909375 0.1559375 0.060104166666666715 0.10586805555555556
2 0.6108333333333333 0.17944444444444443 0.05656250000000007 0.0995486111111111
2 0.59421875 0.27609374999999997 0.06677083333333336 0.11225694444444442
2 0.5146875 0.3189236111111111 0.07375000000000007 0.12333333333333334
2 0.45765625 0.15335069444444444 0.052604166666666785 0.08697916666666665
3 0.4484895833333333 0.37300347222222224 0.06416666666666657 0.11999999999999993
3 0.3458333333333333 0.12895833333333334 0.054895833333333324 0.07454861111111111
0 0.39911458333333333 0.7498090277777778 0.03125 0.047499999999999966