2 0.16114583333333332 0.6713541666666666 0.06993055555555552 0.16395833333333343
2 0.25176504629629626 0.78203125 0.07939814814814809 0.1770833333333332
2 0.3938425925925926 0.4604166666666666 0.04937500000000004 0.12979166666666658
2 0.24799189814814815 0.37807291666666665 0.04931712962962962 0.12197916666666667
2 0.1932349537037037 0.36505208333333333 0.04769675925925929 0.1140625
2 0.37515046296296295 0.25614583333333335 0.0381712962962963 0.09312500000000004
3 0.3496006944444444 0.18026041666666665 0.039710648148148134 0.09010416666666665
3 0.5405555555555555 0.44833333333333336 0.04627314814814802 0.13270833333333326
2 0.519542824074074 0.56328125 0.06657407407407412 0.13249999999999992
2 0.4676099537037037 0.6152604166666666 0.07123842592592596 0.1296875
2 0.7470370370370369 0.5987500000000001 0.06991898148148153 0.16239583333333343
2 0.5707175925925926 0.40895833333333337 0.05079861111111121 0.11114583333333332
2 0.5218171296296296 0.23781249999999998 0.04762731481481488 0.1046875
2 0.7931134259259259 0.28322916666666664 0.05386574074074062 0.10354166666666664
2 0.9359548611111113 0.48640625000000004 0.06502314814814839 0.13395833333333335
2 0.779386574074074 0.5384375 0.07447916666666679 0.1455208333333335
0 0.5487905092592593 0.6113020833333334 0.02211805555555557 0.03427083333333343