2 0.12265625 0.23046875 0.034375 0.10625
2 0.85234375 0.3609375 0.04453125 0.115625
2 0.87265625 0.3703125 0.0390625 0.11875
2 0.66875 0.546875 0.06171875 0.15078125
2 0.34765625 0.2125 0.0375 0.1046875
2 0.49921875 0.46328125 0.05546875 0.1265625
2 0.465625 0.49375 0.03984375 0.14140625
2 0.39765625 0.4359375 0.04140625 0.1265625
2 0.31640625 0.58828125 0.053125 0.14375
0 0.621875 0.42734375 0.02265625 0.03046875
2 0.5625 0.2890625 0.04140625 0.109375
2 0.303125 0.39140625 0.0453125 0.12421875
2 0.71015625 0.384375 0.0375 0.1109375
2 0.94375 0.425 0.0484375 0.12421875
3 0.15390625 0.403125 0.0390625 0.1453125
2 0.9859375 0.75625 0.028125 0.16640625