3 0.23032407407407404 0.4727951388888888 0.08182870370370363 0.14672453703703708
2 0.17395833333333335 0.2979571759259259 0.06192129629629628 0.114363425925926
2 0.35248842592592594 0.44573495370370375 0.07546296296296298 0.1432291666666668
2 0.4601273148148148 0.5105787037037037 0.08188657407407404 0.1482870370370371
2 0.5152777777777778 0.5052719907407408 0.08692129629629619 0.15793981481481473
2 0.5546585648148149 0.5161805555555555 0.06909722222222214 0.1397337962962963
2 0.6983506944444444 0.5441840277777777 0.0862268518518519 0.18128472222222225
2 0.567505787037037 0.29477430555555556 0.06203703703703702 0.11748842592592598
2 0.8372974537037038 0.35987268518518517 0.07309027777777785 0.12126157407407404
2 0.856712962962963 0.31581018518518517 0.08015046296296298 0.14350694444444442
2 0.8858217592592592 0.30194444444444446 0.07337962962962977 0.12907407407407404
2 0.9728877314814814 0.37960069444444444 0.05306712962962976 0.12787037037037036
2 0.4197916666666667 0.6212210648148149 0.08541666666666661 0.15940972222222224
0 0.6253182870370371 0.46657986111111105 0.0234375 0.043483796296296263