2 0.83984375 0.5625 0.05 0.140625
2 0.584375 0.6453125 0.04609375 0.12421875
2 0.371875 0.67109375 0.04140625 0.15234375
2 0.475 0.625 0.0328125 0.1140625
2 0.21171875 0.4359375 0.04609375 0.1296875
2 0.4875 0.27109375 0.03125 0.10859375
2 0.5359375 0.28203125 0.0375 0.1109375
2 0.6390625 0.1859375 0.02265625 0.08125
2 0.75390625 0.16484375 0.01796875 0.09140625
2 0.93125 0.2359375 0.0296875 0.1015625
2 0.81171875 0.32890625 0.0359375 0.109375
2 0.68515625 0.34609375 0.03046875 0.1125
2 0.42578125 0.628125 0.03828125 0.15234375
2 0.9890625 0.44609375 0.01875 0.1328125
0 0.490625 0.66953125 0.01328125 0.0375
3 0.71796875 0.3828125 0.03671875 0.11328125
3 0.6375 0.1125 0.02421875 0.08515625