2 0.23239583333333336 0.41237268518518516 0.07916666666666661 0.15828703703703706
2 0.3277083333333334 0.6735185185185186 0.08302083333333332 0.14592592592592588
2 0.39598958333333334 0.635619212962963 0.0703125 0.14243055555555556
2 0.42333333333333334 0.6481712962962962 0.06052083333333336 0.13590277777777793
2 0.6175 0.7063715277777778 0.09031249999999993 0.16173611111111122
2 0.8376041666666666 0.6220891203703703 0.08020833333333358 0.15052083333333338
2 0.8277604166666667 0.3822627314814815 0.044479166666666715 0.10579861111111111
2 0.9366666666666668 0.31034143518518514 0.058645833333333286 0.13116898148148143
2 0.7876562500000001 0.2088599537037037 0.03249999999999993 0.08984953703703705
2 0.6725 0.22188657407407408 0.04614583333333329 0.08401620370370369
2 0.5598958333333334 0.30230902777777774 0.051875000000000074 0.12317129629629626
2 0.5125 0.2852488425925926 0.042604166666666644 0.10106481481481477
2 0.71421875 0.3828125 0.04947916666666678 0.11062499999999993
0 0.44416666666666665 0.6996701388888888 0.019895833333333356 0.04113425925925931
3 0.6994270833333334 0.42855902777777777 0.04770833333333328 0.13084490740740745
3 0.6888541666666667 0.15270254629629632 0.046354166666666606 0.08714120370370368