2 0.050416666666666665 0.46212384259259254 0.04614583333333333 0.13190972222222222
2 0.37713541666666667 0.2804050925925926 0.04166666666666661 0.11141203703703706
2 0.5061979166666667 0.19275462962962964 0.03687499999999986 0.10957175925925924
2 0.545625 0.5253298611111111 0.058541666666666714 0.13108796296296302
2 0.48572916666666666 0.5563310185185186 0.059687500000000074 0.1249305555555555
2 0.49760416666666674 0.36973958333333334 0.04656249999999993 0.11481481481481488
2 0.7934375 0.5600578703703704 0.06427083333333332 0.14699074074074084
2 0.8780208333333335 0.24052662037037037 0.043645833333333425 0.09440972222222221
2 0.2933854166666666 0.6947916666666666 0.07135416666666661 0.15986111111111115
2 0.6627604166666666 0.3411284722222222 0.043020833333333286 0.10837962962962963
2 0.31906249999999997 0.27992476851851855 0.03458333333333332 0.09854166666666667
2 0.6390625 0.17390046296296297 0.03260416666666668 0.09219907407407409
3 0.6360416666666666 0.3756539351851852 0.04989583333333325 0.11812500000000004
3 0.48671875 0.10057291666666668 0.03208333333333328 0.08438657407407409
0 0.5808333333333333 0.5710879629629629 0.024687499999999928 0.043483796296296263
2 0.23677083333333332 0.5985358796296296 0.06520833333333335 0.16105324074074084
2 0.8364062499999999 0.47515625000000006 0.05604166666666686 0.14027777777777786