2 0.2860011574074074 0.447175925925926 0.059432870370370414 0.1358680555555555
2 0.49446759259259265 0.24744791666666668 0.05629629629629633 0.10921296296296293
2 0.54515625 0.24287615740740742 0.05510416666666664 0.11537037037037035
2 0.5097395833333334 0.5977719907407407 0.06384259259259259 0.13145833333333332
2 0.48486111111111113 0.6674537037037037 0.06907407407407398 0.11464120370370381
2 0.7830439814814815 0.5925520833333333 0.08076388888888886 0.15425925925925926
2 0.9497627314814814 0.45566550925925925 0.06586805555555557 0.139363425925926
2 0.8943344907407408 0.1288888888888889 0.04774305555555571 0.09624999999999999
2 0.7381423611111111 0.27142361111111113 0.054733796296296336 0.10912037037037034
2 0.830821759259259 0.23457175925925927 0.061168981481481664 0.11261574074074074
2 0.6249826388888889 0.1346585648148148 0.04342592592592602 0.10222222222222221
2 0.7362268518518519 0.09357060185185186 0.04140046296296305 0.09431712962962961
3 0.7178472222222222 0.3126099537037037 0.06172453703703695 0.12199074074074075
3 0.6181481481481482 0.05901620370370371 0.041030092592592736 0.08806712962962963
0 0.5844444444444445 0.6544965277777777 0.022442129629629548 0.03714120370370359
2 0.5558796296296297 0.5958217592592593 0.07423611111111121 0.1492013888888888