2 0.02329861111111111 0.6270486111111111 0.022986111111111106 0.19159722222222228
2 0.20411458333333332 0.16041087962962963 0.05715277777777779 0.11377314814814814
2 0.9648697916666666 0.5355613425925926 0.07026041666666671 0.12724537037037037
2 0.9525 0.47780092592592593 0.07468749999999993 0.1302893518518518
2 0.6981944444444445 0.6222453703703704 0.10361111111111114 0.16768518518518521
2 0.40967013888888887 0.21008680555555553 0.058680555555555534 0.11229166666666668
2 0.56953125 0.5562673611111111 0.08111111111111118 0.13842592592592595
2 0.5088715277777778 0.5304918981481481 0.081111111111111 0.13842592592592595
2 0.4741493055555555 0.40773726851851855 0.06701388888888893 0.13613425925925923
2 0.4080729166666667 0.5947164351851851 0.08305555555555558 0.15569444444444436
0 0.6618055555555555 0.6000694444444445 0.028888888888888787 0.035833333333333425
2 0.7391145833333332 0.35670717592592593 0.06350694444444435 0.11878472222222225
2 0.15475694444444446 0.3623032407407408 0.07166666666666668 0.1348148148148148
2 0.6809895833333334 0.5503414351851852 0.060381944444444356 0.11862268518518526
2 0.9814583333333333 0.48114583333333333 0.03708333333333336 0.12266203703703712
3 0.37574652777777773 0.4041956018518518 0.07236111111111114 0.1660648148148148