2 0.17015625 0.42890625 0.04350694444444443 0.1296875
2 0.45951388888888883 0.275 0.038090277777777716 0.096875
2 0.5156423611111112 0.28046875 0.04152777777777779 0.1109375
2 0.5087847222222223 0.62421875 0.04965277777777786 0.125
2 0.47413194444444445 0.6015625 0.052604166666666785 0.1171875
2 0.6381597222222222 0.35703125 0.04315972222222229 0.1140625
2 0.7890972222222222 0.59609375 0.048263888888888926 0.1328125
2 0.9269270833333334 0.26484375 0.041145833333333215 0.09375
2 0.3176388888888889 0.6828125 0.05812499999999998 0.1546875
2 0.7737673611111111 0.33671875 0.03517361111111104 0.10625
2 0.63 0.196875 0.031874999999999966 0.0984375
2 0.7451388888888889 0.18359375 0.030138888888888892 0.090625
3 0.7125 0.38671875 0.04788194444444436 0.115625
3 0.6214930555555556 0.12265625 0.030000000000000072 0.084375
0 0.49842013888888886 0.63359375 0.024375000000000036 0.0421875
2 0.34944444444444445 0.62265625 0.0484375 0.140625
2 0.9323090277777777 0.4796875 0.04690972222222243 0.1421875