2 0.12276041666666666 0.4874016203703704 0.05093750000000004 0.13375000000000004
2 0.38317708333333333 0.3199652777777778 0.04395833333333332 0.09909722222222221
2 0.4366666666666667 0.3285821759259259 0.04010416666666679 0.11131944444444439
2 0.5403645833333334 0.6117534722222222 0.06322916666666671 0.13136574074074084
2 0.4992708333333333 0.6373321759259258 0.07572916666666671 0.13210648148148146
2 0.5621875000000001 0.4138368055555556 0.05135416666666668 0.11665509259259252
2 0.81609375 0.6273148148148149 0.06052083333333336 0.1374305555555555
2 0.8817187499999999 0.304375 0.046875 0.09615740740740737
2 0.3431770833333333 0.7237962962962963 0.07614583333333336 0.16170138888888896
2 0.7122395833333334 0.38848958333333333 0.041458333333333285 0.10828703703703706
2 0.5450520833333334 0.2385127314814815 0.03781250000000007 0.10028935185185181
2 0.6628645833333333 0.21981481481481482 0.03572916666666668 0.09238425925925924
3 0.6822916666666667 0.4295138888888889 0.0546875 0.11996527777777785
3 0.5287499999999999 0.15739583333333335 0.03531249999999986 0.08613425925925929
0 0.5821875000000001 0.6438020833333333 0.0263541666666665 0.04513888888888893
2 0.31838541666666664 0.6554050925925926 0.059791666666666646 0.17318287037037053
2 0.8771875 0.5282175925925926 0.06083333333333343 0.1421180555555555