2 0.1211689814814815 0.27569444444444446 0.04049768518518517 0.09918981481481488
2 0.3180266203703704 0.44425347222222217 0.06766203703703706 0.1413888888888888
2 0.3548784722222222 0.6134780092592592 0.08197916666666671 0.15940972222222224
2 0.409056712962963 0.4769675925925926 0.06453703703703706 0.1412037037037038
2 0.49013888888888885 0.5231423611111111 0.06793981481481488 0.16013888888888878
2 0.5030381944444444 0.4981481481481482 0.058356481481481384 0.14552083333333332
2 0.5493634259259259 0.3057523148148148 0.048518518518518405 0.11371527777777776
2 0.7473495370370371 0.39241898148148147 0.059664351851851906 0.128425925925926
2 0.6700347222222222 0.5478530092592593 0.08209490740740755 0.16722222222222224
2 0.8561921296296295 0.362962962962963 0.06579861111111107 0.1209837962962963
2 0.8575925925925926 0.35211805555555553 0.05670138888888872 0.13917824074074064
2 0.9459837962962963 0.4174594907407407 0.06773148148148138 0.1460763888888888
2 0.997517361111111 0.7572800925925925 0.004965277777777999 0.16958333333333328
0 0.6179571759259259 0.45734375 0.024270833333333287 0.05763888888888893
3 0.1698090277777778 0.45030092592592597 0.07561342592592597 0.15122685185185175