2 0.19365162037037037 0.5137094907407407 0.08829861111111108 0.14590277777777771
2 0.31483796296296296 0.305324074074074 0.07100694444444447 0.11766203703703706
2 0.3653414351851852 0.3010127314814815 0.06769675925925922 0.11451388888888889
2 0.4229166666666667 0.17883680555555556 0.06208333333333336 0.09885416666666669
2 0.43516782407407406 0.6623090277777777 0.09049768518518508 0.13030092592592588
2 0.49501157407407403 0.6838368055555556 0.09343749999999992 0.12719907407407405
2 0.5229918981481482 0.668425925925926 0.07699074074074072 0.1395717592592593
2 0.7572222222222222 0.654542824074074 0.09436342592592588 0.14282407407407405
2 0.9058969907407407 0.4619791666666667 0.09335648148148153 0.15218749999999998
2 0.9234837962962963 0.3238888888888889 0.08186342592592588 0.14273148148148146
2 0.6697800925925926 0.259537037037037 0.06208333333333336 0.09885416666666665
2 0.6803993055555555 0.1620023148148148 0.05858796296296305 0.09258101851851848
2 0.5241840277777777 0.13507523148148148 0.05123842592592602 0.10033564814814815
2 0.5873958333333333 0.292505787037037 0.0689004629629629 0.1348263888888889
3 0.5445023148148149 0.3593460648148148 0.07248842592592589 0.14266203703703706
3 0.4076736111111111 0.10609953703703703 0.05040509259259256 0.08627314814814815
0 0.4757291666666667 0.7274247685185184 0.025567129629629547 0.03611111111111107