2 0.27023726851851854 0.39984375 0.06990740740740745 0.1593055555555556
2 0.4181828703703704 0.6433506944444444 0.0836342592592592 0.11461805555555564
2 0.43978009259259265 0.6048784722222222 0.06178240740740755 0.11677083333333335
2 0.48127314814814814 0.6147569444444445 0.041724537037037025 0.15024305555555556
2 0.7199074074074074 0.6518229166666666 0.060671296296296265 0.17763888888888885
2 0.9216550925925926 0.5623611111111112 0.06834490740740726 0.159236111111111
2 0.8455902777777776 0.3164409722222222 0.050868055555555715 0.11940972222222221
2 0.920787037037037 0.2341666666666667 0.049236111111111217 0.10996527777777772
2 0.7841666666666667 0.14802083333333332 0.03337962962962955 0.07802083333333334
2 0.6654861111111111 0.16267361111111112 0.041319444444444464 0.09555555555555557
2 0.5583275462962962 0.2557465277777778 0.035069444444444466 0.09527777777777775
2 0.5082407407407408 0.24625 0.03366898148148145 0.11708333333333334
3 0.682957175925926 0.09468750000000001 0.034930555555555645 0.07652777777777778
3 0.7052719907407408 0.3640972222222222 0.04789351851851862 0.1395833333333333
2 0.7416956018518519 0.32262152777777775 0.04160879629629619 0.13461805555555556
0 0.46289351851851845 0.6655902777777778 0.022233796296296404 0.049409722222222285