0 0.61875 0.46875 0.021875 0.0359375
3 0.021875 0.390625 0.04296875 0.1484375
2 0.18984375 0.3953125 0.0359375 0.1390625
2 0.25234375 0.35859375 0.0359375 0.1171875
2 0.37734375 0.40390625 0.03359375 0.128125
2 0.45859375 0.3 0.03515625 0.1109375
2 0.51484375 0.42734375 0.0625 0.1515625
2 0.69375 0.365625 0.0671875 0.12265625
2 0.7640625 0.375 0.03984375 0.121875
2 0.87265625 0.43046875 0.05234375 0.1296875
2 0.72421875 0.50078125 0.06171875 0.14375
2 0.33046875 0.4625 0.04765625 0.134375
2 0.1921875 0.59375 0.04765625 0.1421875