2 0.08125 0.23125 0.03671875 0.10859375
3 0.12421875 0.41796875 0.0578125 0.14453125
0 0.615625 0.4234375 0.01953125 0.02890625
2 0.28671875 0.3859375 0.05 0.125
2 0.2796875 0.58671875 0.06328125 0.17265625
2 0.4328125 0.490625 0.046875 0.1515625
2 0.36953125 0.4109375 0.04296875 0.1515625
2 0.5234375 0.46484375 0.05078125 0.1390625
2 0.55078125 0.29296875 0.04375 0.13359375
2 0.61328125 0.37734375 0.040625 0.11484375
2 0.6921875 0.528125 0.07578125 0.134375
2 0.82421875 0.35234375 0.03828125 0.13984375
2 0.8609375 0.38359375 0.04609375 0.1203125
2 0.928125 0.425 0.0453125 0.11953125