3 0.19130208333333334 0.39678819444444446 0.05958333333333332 0.14728009259259256
2 0.33135416666666667 0.39728009259259256 0.043055555555555534 0.12638888888888894
2 0.1989236111111111 0.20769675925925926 0.031076388888888928 0.10254629629629627
2 0.4150173611111111 0.4692418981481481 0.0514930555555555 0.14074074074074083
2 0.32394097222222223 0.5816840277777777 0.05319444444444441 0.14392361111111107
2 0.6429513888888889 0.5700231481481481 0.0672569444444445 0.14444444444444446
2 0.5984722222222223 0.30309606481481477 0.04555555555555557 0.11244212962962959
2 0.8057291666666666 0.4289351851851852 0.06017361111111121 0.12546296296296297
2 0.956111111111111 0.4963252314814815 0.052777777777777854 0.13454861111111108
2 0.9257986111111112 0.8262152777777778 0.059201388888888574 0.17378472222222213
2 0.5000347222222222 0.5107349537037036 0.044965277777777854 0.13425925925925916
2 0.4805555555555555 0.4912326388888889 0.05107638888888886 0.13136574074074084
2 0.8765277777777778 0.42060185185185184 0.03645833333333322 0.11834490740740744
2 0.8948090277777778 0.4142361111111111 0.04704861111111107 0.1109375
0 0.6084722222222222 0.46545138888888893 0.02482638888888893 0.03211805555555571