2 0.18353587962962964 0.47070601851851845 0.08390046296296294 0.14454861111111122
2 0.3457118055555556 0.2660763888888889 0.047222222222222235 0.11848379629629627
2 0.398125 0.262181712962963 0.050115740740740655 0.11076388888888893
2 0.47643518518518524 0.14824074074074073 0.046527777777777855 0.09504629629629631
2 0.5908738425925926 0.10582175925925925 0.04629629629629619 0.08723379629629631
2 0.6116319444444445 0.2745891203703704 0.05797453703703699 0.11255787037037042
2 0.699230324074074 0.2423321759259259 0.0561805555555555 0.10469907407407408
2 0.7418287037037038 0.14818287037037037 0.050115740740740836 0.11076388888888888
2 0.8858564814814816 0.45067708333333334 0.0825231481481481 0.15075231481481488
2 0.9470543981481481 0.3083622685185185 0.06482638888888914 0.13305555555555557
2 0.7145891203703704 0.6196701388888888 0.09065972222222225 0.1619212962962962
2 0.4692766203703703 0.6269386574074074 0.07935185185185176 0.14909722222222221
2 0.4336053240740741 0.6717071759259259 0.08159722222222214 0.11950231481481488
2 0.39358796296296295 0.6260590277777778 0.06459490740740739 0.12524305555555557
3 0.5693171296296297 0.3328240740740741 0.0584837962962963 0.12974537037037043
3 0.47953124999999996 0.0700925925925926 0.044965277777777854 0.09500000000000001
0 0.3954340277777778 0.695474537037037 0.022939814814814774 0.03658564814814831