2 0.12421875 0.44609375 0.0359375 0.12890625
2 0.40859375 0.29140625 0.03203125 0.09609375
2 0.459375 0.29609375 0.0359375 0.109375
2 0.50625 0.5875 0.0421875 0.1234375
2 0.48125 0.59609375 0.03984375 0.13046875
2 0.575 0.378125 0.0375 0.1125
2 0.78984375 0.59375 0.05390625 0.1484375
2 0.89140625 0.2671875 0.0359375 0.0921875
2 0.30234375 0.69765625 0.04921875 0.153125
2 0.721875 0.3546875 0.02890625 0.10546875
2 0.5734375 0.2015625 0.0265625 0.096875
2 0.69296875 0.19140625 0.025 0.08984375
3 0.6796875 0.39453125 0.040625 0.11484375
3 0.56796875 0.128125 0.02578125 0.0828125
0 0.51171875 0.61875 0.021875 0.0421875
2 0.2984375 0.61796875 0.03984375 0.16796875
2 0.8703125 0.48359375 0.04453125 0.13671875