2 0.09862847222222222 0.5478935185185185 0.07902777777777778 0.16519675925925928
2 0.14371527777777776 0.6790277777777778 0.08739583333333334 0.17815972222222226
2 0.40008680555555554 0.4271122685185185 0.057256944444444534 0.1311805555555555
2 0.2919791666666667 0.30399305555555556 0.05527777777777772 0.12171296296296301
2 0.2447222222222222 0.2745601851851852 0.05336805555555557 0.11380787037037035
2 0.45887152777777784 0.2324189814814815 0.04309027777777778 0.0929398148148148
3 0.46234374999999994 0.1542939814814815 0.044513888888888783 0.08990740740740741
3 0.5449652777777778 0.46311342592592586 0.05263888888888886 0.13246527777777786
2 0.48178819444444443 0.5627662037037038 0.07288194444444436 0.13210648148148146
2 0.41303819444444445 0.5939409722222223 0.07906250000000004 0.13091435185185177
2 0.6854687500000001 0.6680497685185185 0.07888888888888879 0.16207175925925926
2 0.5884375000000001 0.4367071759259259 0.05635416666666657 0.1108680555555555
2 0.6055902777777777 0.2622627314814815 0.05295138888888893 0.10443287037037034
2 0.8481423611111112 0.3917824074074074 0.05913194444444443 0.10324074074074074
2 0.9082812499999999 0.6248553240740741 0.07295138888888886 0.13366898148148146
2 0.73921875 0.6218865740740741 0.0813194444444445 0.14663194444444444
0 0.4911458333333333 0.6165856481481482 0.02340277777777775 0.035671296296296263