2 0.4441493055555556 0.5490104166666667 0.06814814814814803 0.13416666666666668
2 0.24951967592592594 0.25901041666666663 0.054027777777777786 0.12541666666666665
2 0.20278935185185185 0.24260416666666665 0.04299768518518521 0.11218749999999993
2 0.42432291666666666 0.16848958333333336 0.043009259259259205 0.11375000000000002
2 0.5756770833333332 0.18651041666666665 0.03650462962962955 0.07895833333333332
2 0.8436400462962963 0.27484375 0.05225694444444429 0.09718749999999998
2 0.8842071759259259 0.49078125000000006 0.055613425925925955 0.1286458333333332
2 0.7574305555555556 0.528125 0.057349537037037025 0.15218749999999998
2 0.6860416666666667 0.5727083333333333 0.06365740740740744 0.1604166666666668
2 0.5038483796296296 0.5013020833333333 0.07129629629629619 0.1375
2 0.5767418981481482 0.35901041666666667 0.05395833333333329 0.11604166666666664
2 0.3752025462962963 0.36932291666666667 0.04934027777777779 0.12510416666666657
2 0.08969328703703704 0.54140625 0.07462962962962963 0.16583333333333333
2 0.14505787037037038 0.6571875 0.07314814814814814 0.17666666666666658
3 0.4241782407407408 0.08260416666666667 0.04137731481481488 0.10427083333333334
3 0.5289930555555555 0.3746875 0.06354166666666679 0.1447916666666666
0 0.5339351851851852 0.5508333333333334 0.026817129629629656 0.03614583333333332