1 0.6771238425925926 0.4020601851851852 0.10465277777777775 0.10388888888888878
2 0.611880787037037 0.42832754629629627 0.09962962962962969 0.18665509259259264
0 0.7973900462962963 0.2925636574074074 0.03362268518518512 0.05493055555555557
2 0.4416724537037037 0.4366203703703704 0.0900462962962962 0.17252314814814812
2 0.25058449074074074 0.5122627314814816 0.07579861111111104 0.15991898148148137
2 0.24045717592592591 0.56703125 0.11050925925925928 0.07737268518518511
2 0.17046875 0.4839467592592593 0.07111111111111112 0.1598842592592593
2 0.1418923611111111 0.5591666666666667 0.06943287037037038 0.15206018518518521
2 0.16399305555555554 0.6269791666666666 0.10261574074074079 0.1773032407407406
2 0.16408564814814813 0.7387094907407408 0.08719907407407405 0.19125000000000014
2 0.03757523148148148 0.47946180555555556 0.0633449074074074 0.16295138888888888
2 0.11656828703703703 0.5374768518518518 0.06253472222222226 0.1082638888888889