2 0.15339699074074073 0.45192708333333337 0.041585648148148156 0.13149305555555557
2 0.4294444444444444 0.26460069444444445 0.03665509259259263 0.09847222222222225
2 0.48182291666666666 0.26696180555555554 0.0398842592592592 0.11267361111111107
2 0.509994212962963 0.5884722222222223 0.047800925925925955 0.12708333333333321
2 0.5035995370370371 0.5692187499999999 0.038425925925925954 0.12666666666666657
2 0.6104918981481482 0.3347048611111111 0.04146990740740737 0.11586805555555557
2 0.7972916666666666 0.5483506944444445 0.06048611111111128 0.15263888888888885
2 0.904826388888889 0.18954861111111113 0.03975694444444429 0.09548611111111112
2 0.3348553240740741 0.6830034722222222 0.05583333333333336 0.15711805555555552
2 0.7517013888888888 0.3018576388888889 0.033599537037036956 0.10770833333333334
2 0.5866145833333334 0.17086805555555556 0.030416666666666713 0.09975694444444443
2 0.7067766203703704 0.14520833333333333 0.0287962962962963 0.09187500000000001
3 0.6989178240740741 0.35031249999999997 0.04616898148148145 0.11763888888888889
3 0.5766203703703704 0.08769097222222222 0.028750000000000143 0.08562500000000002
0 0.5264641203703704 0.5963368055555556 0.02375000000000007 0.043229166666666784
2 0.34607060185185184 0.6145138888888889 0.04656249999999993 0.17076388888888888
2 0.9105150462962964 0.43000000000000005 0.05421296296296276 0.1492361111111112