2 0.16565393518518517 0.22223958333333335 0.031597222222222235 0.09562500000000007
2 0.340480324074074 0.41859375 0.0549768518518519 0.13770833333333332
2 0.35381944444444446 0.5893750000000001 0.06799768518518512 0.1526041666666668
2 0.42717013888888894 0.4656770833333333 0.05023148148148149 0.13583333333333342
2 0.5018229166666667 0.5244270833333333 0.05248842592592595 0.1546875
2 0.5189236111111111 0.5021875 0.045775462962962976 0.14177083333333335
2 0.5909722222222222 0.32229166666666664 0.03836805555555554 0.11010416666666671
2 0.7776620370370371 0.43916666666666665 0.04820601851851869 0.12322916666666668
2 0.6783854166666667 0.5782812500000001 0.06678240740740744 0.16187499999999985
2 0.8902488425925927 0.42796875000000006 0.05416666666666643 0.11583333333333332
2 0.89296875 0.4172395833333333 0.04398148148148166 0.1354166666666668
2 0.972728587962963 0.4958333333333333 0.05454282407407405 0.14239583333333333
2 0.9925491898148149 0.8425520833333333 0.014901620370370239 0.16812499999999986
0 0.6389467592592593 0.48135416666666664 0.019212962962962977 0.05583333333333336
3 0.19097222222222224 0.4008333333333334 0.06151620370370372 0.14593749999999997