2 0.4138541666666667 0.4084027777777778 0.046666666666666676 0.1368402777777778
2 0.4738888888888889 0.4923090277777778 0.04545138888888882 0.14461805555555554
2 0.5316319444444444 0.45427083333333335 0.05746527777777786 0.13395833333333335
2 0.578298611111111 0.2725868055555556 0.049097222222222216 0.12128472222222228
2 0.683767361111111 0.37581597222222224 0.05684027777777771 0.11989583333333335
2 0.7010763888888889 0.5365277777777778 0.056597222222222146 0.14954861111111112
2 0.8627951388888888 0.3569791666666667 0.052777777777777854 0.1338541666666667
2 0.8975347222222222 0.3820138888888889 0.04250000000000007 0.11333333333333329
2 0.9621180555555556 0.42749999999999994 0.05656250000000007 0.11364583333333336
2 0.32506944444444447 0.3814409722222222 0.0490277777777778 0.11972222222222229
2 0.31390625 0.5701562499999999 0.0682291666666667 0.16541666666666668
2 0.13114583333333335 0.20588541666666665 0.04145833333333333 0.08989583333333329
2 0.9963975694444445 0.7877604166666666 0.007204861111111072 0.08031250000000015
3 0.15625 0.38362847222222224 0.06256944444444446 0.14343749999999994
0 0.6468576388888889 0.4251215277777778 0.020902777777777715 0.04885416666666664