2 0.17734375 0.43984375 0.0359375 0.12890625
2 0.4578125 0.2765625 0.03203125 0.09609375
2 0.5140625 0.2796875 0.0359375 0.109375
2 0.52734375 0.6234375 0.0421875 0.1234375
2 0.49140625 0.6015625 0.04609375 0.11640625
2 0.64140625 0.35234375 0.0375 0.1125
2 0.80546875 0.58515625 0.04140625 0.13125
2 0.92421875 0.25 0.0359375 0.0921875
2 0.3390625 0.68828125 0.04921875 0.153125
2 0.77578125 0.32734375 0.02890625 0.10546875
2 0.6234375 0.1921875 0.0265625 0.096875
2 0.73828125 0.175 0.025 0.08984375
3 0.7171875 0.37890625 0.040625 0.11484375
3 0.6109375 0.11875 0.02578125 0.0828125
0 0.5171875 0.6328125 0.021875 0.0421875
2 0.36796875 0.62734375 0.03984375 0.1390625
2 0.9421875 0.4640625 0.0390625 0.14140625