2 0.4015451388888889 0.4181886574074074 0.08770833333333332 0.15062499999999995
2 0.29184027777777777 0.33383101851851854 0.0682986111111111 0.12079861111111115
2 0.20862847222222225 0.5274479166666668 0.07673611111111107 0.14898148148148138
2 0.165625 0.49104166666666665 0.09392361111111107 0.1491087962962963
2 0.07694444444444445 0.4385648148148148 0.07340277777777778 0.13958333333333323
2 0.05026041666666666 0.5036168981481481 0.06694444444444445 0.13016203703703688
2 0.10729166666666667 0.6790046296296296 0.0864236111111111 0.16311342592592587
2 0.5428993055555555 0.34447337962962965 0.08885416666666668 0.13188657407407406
2 0.6091840277777778 0.3385127314814815 0.07368055555555557 0.1520833333333334
2 0.6490972222222222 0.44682870370370364 0.10524305555555565 0.16637731481481488
2 0.7432812500000001 0.36017939814814814 0.08312500000000007 0.1552777777777777
2 0.9511892361111112 0.4961458333333333 0.09762152777777758 0.16010416666666671
0 0.7406770833333333 0.4891261574074074 0.02444444444444436 0.045486111111111074