2 0.08776041666666666 0.24338541666666663 0.05978009259259258 0.13452546296296292
2 0.23671296296296296 0.36235532407407406 0.05502314814814815 0.12969907407407408
2 0.2873321759259259 0.16094328703703703 0.04511574074074076 0.09348379629629626
2 0.47037037037037044 0.1930034722222222 0.051712962962962905 0.1171064814814815
2 0.5043460648148148 0.3770717592592593 0.05166666666666657 0.1139814814814815
2 0.501082175925926 0.4919618055555556 0.05798611111111107 0.11885416666666675
2 0.4140914351851852 0.5656018518518519 0.07899305555555554 0.16633101851851856
2 0.6033391203703704 0.5475 0.05984953703703706 0.1392129629629629
2 0.7046122685185185 0.5640219907407408 0.07579861111111122 0.16155092592592588
2 0.7388194444444445 0.5216203703703703 0.059525462962962905 0.11733796296296291
2 0.7764120370370371 0.30341435185185184 0.050150462962962904 0.11706018518518517
2 0.9656134259259261 0.3938599537037037 0.057800925925926096 0.10635416666666675
2 0.9899479166666666 0.38532986111111106 0.009224537037037095 0.0955439814814815
2 0.9707986111111111 0.46554976851851854 0.0453935185185184 0.11223379629629626
2 0.03767650462962963 0.6447280092592592 0.07535300925925927 0.1819097222222222
2 0.007627314814814814 0.5246759259259259 0.015254629629629628 0.15689814814814812
2 0.04824074074074074 0.22269097222222226 0.04247685185185186 0.12620370370370376
3 0.42289930555555555 0.39276041666666667 0.05658564814814806 0.12974537037037043
0 0.5283738425925926 0.5473784722222221 0.02243055555555564 0.038148148148148306