3 0.05390625 0.43553819444444447 0.0625 0.136400462962963
0 0.475 0.43163773148148155 0.0234375 0.05017361111111107
2 0.4515625 0.3841550925925926 0.0390625 0.1206018518518519
2 0.22890625 0.41939814814814813 0.053125 0.13164351851851847
2 0.2921875 0.39549189814814817 0.053125 0.13320601851851857
2 0.378125 0.4761053240740741 0.059375 0.14731481481481482
2 0.23671875 0.6091840277777777 0.0796875 0.15996527777777772
2 0.47890625 0.28707754629629634 0.0609375 0.13170138888888888
2 0.52578125 0.42423032407407407 0.0625 0.12546296296296297
2 0.73359375 0.49847222222222226 0.065625 0.17079861111111114
2 0.72421875 0.33135416666666667 0.065625 0.13017361111111114
2 0.78984375 0.33321180555555563 0.0578125 0.14417824074074073
2 0.89453125 0.38165509259259256 0.0640625 0.15516203703703707