2 0.38151041666666663 0.5545659722222223 0.09091435185185182 0.15569444444444436
2 0.2664930555555555 0.3527372685185185 0.0721064814814815 0.13292824074074075
2 0.14192708333333331 0.23778935185185185 0.0660300925925926 0.11393518518518517
2 0.34568865740740745 0.15562499999999999 0.07251157407407405 0.11738425925925924
2 0.5063657407407407 0.18231481481481482 0.06498842592592595 0.09987268518518518
2 0.7875 0.2953703703703704 0.06487268518518512 0.09831018518518517
2 0.9499710648148149 0.4029050925925926 0.0421875 0.12826388888888882
2 0.7535879629629629 0.5220428240740741 0.06637731481481488 0.11862268518518526
2 0.6743634259259259 0.5619502314814815 0.08501157407407404 0.1600578703703704
2 0.4765335648148149 0.49049189814814814 0.08807870370370381 0.13842592592592595
2 0.5132523148148148 0.3625115740740741 0.07702546296296298 0.13629629629629622
2 0.01964699074074074 0.4981770833333334 0.03929398148148148 0.16614583333333321
2 0.039149305555555555 0.6288020833333333 0.07829861111111111 0.17773148148148152
3 0.34945023148148147 0.06281828703703704 0.0543981481481481 0.10399305555555556
3 0.43420138888888893 0.3790625 0.07847222222222214 0.1348148148148148
0 0.502662037037037 0.547505787037037 0.03223379629629619 0.035914351851851836
2 0.10179398148148149 0.20173611111111112 0.07065972222222223 0.13440972222222225
2 0.9478877314814815 0.49406828703703703 0.030613425925925954 0.09809027777777786