0 0.4608506944444445 0.5533854166666667 0.024409722222222284 0.0453125
1 0.7896875000000001 0.46687500000000004 0.07017361111111117 0.13885416666666667
2 0.10809027777777777 0.4409375 0.0770486111111111 0.16739583333333333
2 0.055121527777777776 0.5497395833333333 0.06770833333333333 0.16833333333333336
2 0.31109375 0.3788020833333333 0.05767361111111109 0.1380208333333334
2 0.3786805555555556 0.36614583333333334 0.06576388888888882 0.15104166666666669
2 0.4661458333333333 0.5108333333333333 0.06875 0.14499999999999993
2 0.5113715277777777 0.43973958333333335 0.0796875 0.14572916666666663
2 0.5317881944444445 0.5159895833333333 0.075 0.14541666666666658
2 0.5547569444444445 0.5315624999999999 0.0578125 0.1442708333333334
2 0.6976909722222222 0.5395312499999999 0.07840277777777764 0.15812500000000007