2 0.26484375 0.43359375 0.0359375 0.12890625
2 0.50546875 0.275 0.03828125 0.10234375
2 0.55625 0.2796875 0.0359375 0.109375
2 0.4578125 0.621875 0.0421875 0.1234375
2 0.4203125 0.68515625 0.05 0.10546875
2 0.7265625 0.665625 0.05390625 0.14453125
2 0.91484375 0.5609375 0.04140625 0.13125
2 0.91953125 0.23046875 0.03203125 0.090625
2 0.740625 0.3421875 0.03671875 0.10234375
2 0.83828125 0.32265625 0.04140625 0.10546875
2 0.65390625 0.1875 0.0265625 0.096875
2 0.7703125 0.1671875 0.025 0.08984375
3 0.71328125 0.37890625 0.040625 0.11484375
3 0.6609375 0.11171875 0.02578125 0.0828125
0 0.5203125 0.690625 0.015625 0.03359375
2 0.503125 0.628125 0.0484375 0.140625