2 0.15906828703703704 0.23567708333333334 0.05768518518518517 0.1330208333333333
2 0.21542245370370372 0.26015625 0.06062499999999993 0.13010416666666663
2 0.09182291666666667 0.5303645833333334 0.08756944444444445 0.1645833333333334
2 0.15883680555555552 0.6553125 0.09364583333333334 0.1883333333333333
2 0.47433449074074074 0.5527083333333334 0.10135416666666668 0.16083333333333344
2 0.5399363425925926 0.49499999999999994 0.07340277777777775 0.13562499999999994
3 0.5197164351851852 0.39203125 0.06715277777777792 0.13520833333333337
2 0.5823900462962963 0.36432291666666666 0.07303240740740743 0.12937500000000002
2 0.6946527777777778 0.5513541666666667 0.08113425925925917 0.16104166666666658
2 0.7781481481481481 0.5308854166666667 0.08315972222222215 0.16895833333333332
2 0.8731249999999999 0.4923958333333333 0.07615740740740762 0.12958333333333344
2 0.843292824074074 0.26692708333333337 0.05399305555555571 0.09697916666666666
2 0.5563483796296296 0.18958333333333335 0.05206018518518522 0.090625
2 0.394525462962963 0.17213541666666668 0.05675925925925931 0.11739583333333337
2 0.3488368055555555 0.36734374999999997 0.06209490740740744 0.1286458333333333
0 0.5850405092592592 0.54140625 0.027962962962963012 0.05166666666666657
3 0.38460648148148147 0.08416666666666667 0.054733796296296336 0.10947916666666668