2 0.10625 0.58515625 0.0625 0.14375
2 0.14765625 0.35 0.034375 0.10625
2 0.24296875 0.45703125 0.053125 0.13671875
2 0.9734375 0.61796875 0.05078125 0.16953125
2 0.80078125 0.428125 0.05078125 0.1265625
2 0.37578125 0.296875 0.0515625 0.1109375
2 0.68046875 0.5015625 0.05390625 0.1515625
2 0.4578125 0.41484375 0.05546875 0.12578125
2 0.6125 0.35859375 0.0484375 0.1265625
2 0.2296875 0.40859375 0.053125 0.14375
0 0.703125 0.53046875 0.02265625 0.03046875
2 0.6765625 0.36171875 0.0515625 0.13046875
2 0.09609375 0.39765625 0.0453125 0.12421875