2 0.14696180555555555 0.37709490740740736 0.0613425925925926 0.13369212962962962
2 0.45412037037037034 0.28479166666666667 0.05148148148148142 0.1007407407407408
2 0.5035474537037038 0.29958333333333337 0.057939814814814736 0.11489583333333328
2 0.49775462962962963 0.5939641203703704 0.06754629629629641 0.13065972222222227
2 0.47203125 0.5974884259259259 0.06607638888888889 0.13688657407407412
2 0.6027199074074074 0.4033738425925926 0.05954861111111107 0.11804398148148146
2 0.7760011574074074 0.6590104166666666 0.08356481481481488 0.1574537037037036
2 0.9340335648148148 0.35985532407407406 0.05456018518518526 0.09766203703703705
2 0.2776909722222222 0.6602199074074073 0.08048611111111112 0.16053240740740726
2 0.7512384259259259 0.41104166666666664 0.05005787037037042 0.11009259259259263
2 0.6321817129629629 0.23041087962962964 0.046793981481481596 0.1006712962962963
2 0.7518981481481481 0.24468171296296298 0.04355324074074076 0.09281249999999996
3 0.7032523148148149 0.44079282407407405 0.0642824074074074 0.12123842592592596
3 0.6396875 0.15710069444444444 0.041898148148148094 0.08653935185185184
0 0.49822916666666667 0.6259953703703703 0.030358796296296297 0.04575231481481481
2 0.28824074074074074 0.5814872685185185 0.07442129629629628 0.17293981481481477
2 0.8746238425925925 0.5675231481481482 0.07241898148148138 0.1432291666666666