2 0.03279513888888889 0.31796875 0.04793981481481482 0.1447916666666667
2 0.009840856481481482 0.3755208333333333 0.019681712962962963 0.1598263888888889
2 0.020133101851851853 0.5588888888888889 0.04026620370370371 0.1790972222222223
2 0.10023726851851852 0.3875520833333333 0.07304398148148147 0.15940972222222224
2 0.14127893518518517 0.43585069444444446 0.06512731481481478 0.145173611111111
2 0.2847222222222222 0.2631597222222222 0.05869212962962962 0.12003472222222218
2 0.36897569444444445 0.3831423611111111 0.07922453703703702 0.15017361111111108
2 0.5286805555555556 0.3350694444444445 0.05883101851851844 0.13878472222222218
2 0.5894560185185185 0.3555902777777778 0.04783564814814802 0.13072916666666662
2 0.610462962962963 0.47229166666666667 0.06530092592592603 0.16861111111111118
2 0.7202719907407408 0.4112673611111111 0.08387731481481495 0.14559027777777783
2 0.836261574074074 0.5703819444444445 0.062152777777777855 0.16541666666666668
0 0.7199479166666667 0.56046875 0.017465277777777642 0.03788194444444439