2 0.05390625 0.32109375 0.0359375 0.12890625
2 0.2234375 0.41640625 0.03203125 0.125
2 0.2359375 0.2109375 0.028125 0.08828125
2 0.42265625 0.21640625 0.03125 0.11171875
2 0.49140625 0.3921875 0.03203125 0.109375
2 0.509375 0.50546875 0.03671875 0.1125
2 0.4375 0.590625 0.05 0.15703125
2 0.62109375 0.5453125 0.034375 0.13359375
2 0.725 0.546875 0.04765625 0.153125
2 0.75078125 0.5 0.0390625 0.11015625
2 0.746875 0.28046875 0.02890625 0.11171875
2 0.95390625 0.3421875 0.04375 0.09921875
2 0.9890625 0.32734375 0.02109375 0.09375
2 0.97734375 0.41015625 0.03984375 0.10546875
2 0.078125 0.72265625 0.04609375 0.17421875
2 0.0109375 0.61171875 0.01953125 0.1546875
2 0.01015625 0.30625 0.01953125 0.1234375
3 0.41328125 0.41953125 0.034375 0.12421875
0 0.546875 0.55625 0.015625 0.0359375