2 0.2296875 0.42578125 0.03515625 0.14765625
2 0.440625 0.26796875 0.0390625 0.1109375
2 0.4890625 0.2703125 0.0359375 0.109375
2 0.4140625 0.6203125 0.0546875 0.1203125
2 0.425 0.678125 0.059375 0.11640625
2 0.47734375 0.63984375 0.0375 0.1453125
2 0.72734375 0.68125 0.0578125 0.13515625
2 0.9125 0.55625 0.0515625 0.14375
2 0.84453125 0.2140625 0.03046875 0.1
2 0.68984375 0.31953125 0.034375 0.09296875
2 0.790625 0.30859375 0.04140625 0.10546875
2 0.58671875 0.1796875 0.0265625 0.096875
2 0.70546875 0.1484375 0.025 0.08984375
3 0.64921875 0.37109375 0.0421875 0.12734375
3 0.596875 0.09921875 0.02578125 0.0828125
0 0.409375 0.6890625 0.015625 0.03359375