2 0.24852430555555555 0.3962037037037037 0.05804398148148149 0.1343865740740741
2 0.53359375 0.25870949074074073 0.05549768518518512 0.10777777777777775
2 0.5833043981481482 0.2705324074074074 0.055787037037037024 0.11559027777777775
2 0.46944444444444444 0.5961342592592593 0.06412037037037041 0.12988425925925923
2 0.4404513888888889 0.6157638888888889 0.08721064814814809 0.16334490740740737
2 0.642650462962963 0.6480960648148149 0.07899305555555554 0.15217592592592588
2 0.8718460648148149 0.585775462962963 0.06440972222222215 0.13769675925925923
2 0.9701388888888889 0.2621990740740741 0.047222222222222145 0.09504629629629627
2 0.7355034722222222 0.34657986111111116 0.05393518518518512 0.10773148148148141
2 0.8533854166666668 0.34074074074074073 0.04774305555555571 0.10910879629629626
2 0.6952546296296296 0.18900462962962963 0.042766203703703806 0.10115740740740745
2 0.808420138888889 0.18252314814814813 0.0409143518518519 0.09329861111111111
3 0.7472222222222222 0.3884664351851852 0.0606481481481481 0.12041666666666666
3 0.7041956018518519 0.11365740740740742 0.04068287037037024 0.0870486111111111
0 0.5000868055555555 0.6632696759259259 0.02980324074074083 0.04614583333333329
2 0.3786168981481482 0.6355844907407407 0.07256944444444446 0.14730324074074072