2 0.07890625 0.265630787037037 0.0515625 0.13434027777777774
2 0.2359375 0.37660300925925927 0.046875 0.12951388888888885
2 0.2734375 0.17314814814814813 0.0390625 0.09178240740740744
2 0.4578125 0.19581018518518517 0.0453125 0.1154050925925926
2 0.5046875 0.3772337962962963 0.0453125 0.11384259259259259
2 0.50859375 0.49118055555555556 0.05 0.11710648148148142
2 0.4265625 0.5693923611111111 0.06875 0.16453703703703706
2 0.61484375 0.5411574074074075 0.05 0.1389814814814816
2 0.71796875 0.5529456018518518 0.065625 0.15975694444444458
2 0.74921875 0.508269675925926 0.0515625 0.11559027777777775
2 0.771875 0.2896296296296296 0.0421875 0.11531250000000001
2 0.96953125 0.36971064814814814 0.05625 0.10479166666666666
2 0.99453125 0.3588136574074074 0.0109375 0.09563657407407415
2 0.97890625 0.43974537037037037 0.0421875 0.11062499999999993
2 0.05390625 0.6679340277777778 0.0671875 0.18011574074074072
2 0.009375 0.5512847222222221 0.01875 0.15680555555555564
2 0.0375 0.2465451388888889 0.034375 0.12601851851851853
3 0.4234375 0.3968287037037037 0.05 0.12960648148148152
0 0.53984375 0.5457233796296297 0.0203125 0.03810185185185198