3 0.17357638888888888 0.41512152777777783 0.0569560185185185 0.14482638888888885
2 0.31296875 0.3932986111111111 0.04168981481481478 0.12420138888888896
2 0.164375 0.22807291666666668 0.029363425925925935 0.10052083333333331
2 0.40320023148148143 0.4505902777777778 0.048865740740740723 0.13996527777777779
2 0.3232291666666667 0.5756423611111111 0.05061342592592588 0.14312500000000003
2 0.63984375 0.5124305555555555 0.0645833333333334 0.14187499999999992
2 0.5714814814814815 0.25725694444444447 0.04251157407407398 0.11173611111111112
2 0.7893171296296296 0.34682291666666665 0.057222222222222285 0.1229861111111111
2 0.9475694444444442 0.3885590277777778 0.05309027777777757 0.13225694444444444
2 0.9389699074074074 0.7180034722222223 0.04446759259259281 0.1710763888888888
2 0.4921122685185185 0.4774826388888888 0.04215277777777775 0.1320138888888888
2 0.47120949074074076 0.4615625 0.0482175925925926 0.1290277777777778
2 0.8591319444444444 0.3273263888888889 0.033506944444444284 0.11777777777777772
2 0.8768287037037037 0.3183506944444444 0.045543981481481664 0.11024305555555554
0 0.595630787037037 0.4158854166666666 0.025196759259259238 0.030208333333333216