2 0.25957754629629626 0.44352430555555555 0.06363425925925928 0.15451388888888892
2 0.44404513888888886 0.6628993055555557 0.07892361111111121 0.10954861111111107
2 0.46015625 0.6226909722222222 0.05552083333333328 0.11371527777777786
2 0.5023784722222222 0.6264409722222222 0.033912037037037025 0.14916666666666673
2 0.7454224537037037 0.6311979166666667 0.05284722222222218 0.17458333333333337
2 0.9320949074074074 0.5153125000000001 0.06052083333333336 0.15600694444444443
2 0.8178587962962963 0.2834375 0.044606481481481455 0.1165972222222222
2 0.8796990740740741 0.19298611111111114 0.04453703703703695 0.10722222222222219
2 0.7307407407407407 0.1259722222222222 0.03024305555555564 0.07565972222222221
2 0.6153240740740741 0.15666666666666668 0.03818287037037038 0.09302083333333333
2 0.5231250000000001 0.2626388888888889 0.03037037037037038 0.09284722222222222
2 0.4723206018518519 0.26064236111111116 0.027418981481481454 0.11621527777777771
3 0.6218402777777777 0.08697916666666666 0.03179398148148138 0.07413194444444444
3 0.6862962962962962 0.34965277777777776 0.04006944444444436 0.13680555555555554
2 0.7156481481481481 0.30368055555555556 0.033784722222222285 0.1319791666666667
0 0.49260995370370375 0.6790104166666666 0.020671296296296403 0.04888888888888889