2 0.14471643518518518 0.2028125 0.04537037037037037 0.11067129629629627
2 0.8574710648148148 0.4177662037037037 0.05644675925925924 0.12037037037037042
2 0.8768402777777778 0.4292824074074074 0.05180555555555557 0.1233564814814816
2 0.6557407407407407 0.581394675925926 0.07731481481481488 0.1584722222222222
2 0.37047453703703703 0.21106481481481482 0.04847222222222225 0.10920138888888893
2 0.4954803240740741 0.4781655092592592 0.06756944444444457 0.13319444444444456
2 0.45913773148148157 0.5044444444444445 0.05369212962962955 0.14527777777777776
2 0.3975752314814815 0.43931134259259264 0.053483796296296224 0.13121527777777775
2 0.3009027777777778 0.5810416666666667 0.06782407407407405 0.1503819444444444
0 0.6216319444444445 0.4568923611111112 0.025486111111111143 0.03355324074074062
2 0.5760937500000001 0.3125115740740741 0.05322916666666657 0.11402777777777776
2 0.3077256944444445 0.38428240740740743 0.05814814814814815 0.12979166666666658
2 0.7135590277777778 0.42444444444444446 0.04856481481481474 0.11545138888888892
2 0.9415625000000001 0.4921643518518518 0.061273148148148236 0.12988425925925923
3 0.1577488425925926 0.378275462962963 0.053761574074074045 0.14996527777777774
2 0.9499016203703704 0.8261516203703703 0.04468749999999986 0.1700000000000003