2 0.25929398148148153 0.5629918981481481 0.0699305555555556 0.1492013888888888
2 0.4158449074074074 0.4582349537037037 0.052418981481481455 0.13724537037037035
2 0.04740740740740741 0.2264988425925926 0.03908564814814815 0.10837962962962963
2 0.3451446759259259 0.3700752314814815 0.04759259259259263 0.1322800925925926
2 0.8487731481481482 0.3308391203703704 0.05673611111111114 0.12502314814814816
2 0.7911400462962963 0.31390625 0.05692129629629648 0.13127314814814817
2 0.5375636574074074 0.2608449074074074 0.05645833333333332 0.11564814814814817
2 0.7250694444444445 0.487650462962963 0.0607870370370371 0.1564583333333333
2 0.5381018518518518 0.4110763888888888 0.061562500000000145 0.1299884259259258
2 0.5489814814814815 0.3556481481481481 0.0537962962962963 0.13108796296296302
2 0.2724884259259259 0.37438078703703703 0.04796296296296294 0.1447800925925926
3 0.10468171296296296 0.38980324074074074 0.058854166666666693 0.14386574074074074
0 0.565763888888889 0.39378472222222227 0.02436342592592595 0.032638888888888926
2 0.930931712962963 0.3831018518518519 0.040833333333333145 0.11472222222222221