3 0.05961805555555555 0.3766261574074074 0.05526620370370372 0.12576388888888887
2 0.23174768518518518 0.3826736111111111 0.06648148148148145 0.13530092592592596
2 0.22406828703703704 0.5719328703703704 0.0611574074074074 0.1664583333333333
2 0.380318287037037 0.4641030092592593 0.06202546296296294 0.14304398148148145
2 0.2952314814814815 0.36219328703703707 0.04276620370370363 0.12557870370370364
2 0.44755787037037037 0.3857291666666667 0.05990740740740748 0.12427083333333329
2 0.49840856481481477 0.28180555555555553 0.04846064814814817 0.10692129629629629
2 0.5422800925925926 0.41715277777777776 0.03243055555555561 0.14572916666666663
0 0.5605960648148148 0.4286053240740741 0.01337962962962962 0.029872685185185155
2 0.7529398148148149 0.5101678240740741 0.05637731481481474 0.1632638888888888
2 0.7340393518518519 0.3470949074074074 0.06032407407407412 0.13833333333333328
2 0.8033680555555556 0.36560763888888886 0.05628472222222207 0.16013888888888897
2 0.9043460648148148 0.42351273148148144 0.04947916666666678 0.1412962962962963