3 0.27734375 0.40078125 0.0390625 0.134375
3 0.00625 0.10546875 0.0125 0.0796875
2 0.26953125 0.21015625 0.03046875 0.11484375
2 0.03515625 0.20546875 0.0390625 0.1
2 0.01875 0.42265625 0.03046875 0.14140625
2 0.38359375 0.38359375 0.04609375 0.1359375
2 0.4640625 0.490625 0.0484375 0.1265625
2 0.384375 0.57734375 0.0515625 0.15859375
2 0.52109375 0.5 0.0375 0.13828125
2 0.5859375 0.49375 0.0484375 0.1671875
2 0.671875 0.5421875 0.059375 0.159375
2 0.64453125 0.2734375 0.04296875 0.12890625
2 0.89765625 0.38515625 0.05625 0.128125
2 0.9 0.3390625 0.03203125 0.1140625
2 0.93125 0.33828125 0.04296875 0.125
2 0.97890625 0.75390625 0.0421875 0.1640625
0 0.509375 0.52734375 0.0203125 0.04609375