2 0.13307291666666665 0.4651157407407407 0.06541666666666668 0.13310185185185192
2 0.27975694444444443 0.2762731481481482 0.04916666666666671 0.10451388888888893
2 0.3290972222222222 0.28028356481481487 0.044513888888888964 0.10593749999999993
2 0.40782986111111114 0.1645949074074074 0.03784722222222214 0.08700231481481482
2 0.3638715277777778 0.6490277777777778 0.0749305555555555 0.13962962962962955
2 0.4446006944444444 0.6583622685185185 0.06381944444444443 0.13149305555555557
2 0.4695486111111111 0.6552777777777777 0.0671875 0.14252314814814823
2 0.6889236111111111 0.6769212962962963 0.07840277777777782 0.15534722222222222
2 0.8830381944444443 0.4765104166666667 0.067326388888889 0.14877314814814824
2 0.9026736111111111 0.3399016203703703 0.0639930555555555 0.13930555555555557
2 0.9511979166666666 0.16647569444444443 0.04138888888888879 0.1058449074074074
2 0.6713194444444445 0.16616898148148146 0.039687499999999966 0.0995486111111111
2 0.6499652777777778 0.26061342592592596 0.04774305555555554 0.11071759259259259
2 0.5686979166666666 0.2974189814814815 0.05423611111111111 0.12184027777777776
2 0.5203472222222223 0.12686342592592592 0.03784722222222214 0.08700231481481482
3 0.5001909722222222 0.3455729166666667 0.04326388888888886 0.11995370370370369
3 0.4101388888888889 0.09260416666666667 0.04222222222222225 0.07307870370370373
0 0.43185763888888895 0.7181539351851851 0.022916666666666786 0.047523148148148134