2 0.4842013888888889 0.5968229166666668 0.06378472222222235 0.1290277777777778
2 0.21006944444444448 0.3506539351851852 0.049548611111111106 0.12100694444444446
2 0.15913194444444445 0.3428703703703704 0.03989583333333333 0.10836805555555555
2 0.3550347222222222 0.23174768518518518 0.03836805555555554 0.10990740740740738
2 0.5086631944444445 0.22152777777777777 0.032951388888889 0.07702546296296298
2 0.796111111111111 0.25858796296296294 0.04892361111111114 0.09288194444444446
2 0.8982291666666666 0.4608159722222222 0.05121527777777786 0.12571759259259263
2 0.7847222222222223 0.5192708333333333 0.053298611111111074 0.14917824074074063
2 0.7274131944444445 0.5762152777777778 0.05812500000000007 0.1554976851851851
2 0.5282291666666666 0.539681712962963 0.06694444444444443 0.1306365740740741
2 0.5584548611111111 0.38861689814814815 0.05090277777777778 0.11165509259259263
2 0.3650173611111111 0.43495370370370373 0.04489583333333336 0.12249999999999997
2 0.13479166666666667 0.6533449074074074 0.06916666666666668 0.16034722222222228
2 0.2221701388888889 0.7546064814814815 0.06784722222222221 0.1712615740740741
3 0.3297569444444445 0.14858796296296295 0.03819444444444446 0.10209490740740738
3 0.5168055555555556 0.4122106481481482 0.05934027777777793 0.13989583333333327
0 0.5721354166666666 0.582505787037037 0.025729166666666713 0.03318287037037031