2 0.01412326388888889 0.23552083333333335 0.02824652777777778 0.11159722222222221
2 0.23709490740740743 0.3772916666666667 0.058993055555555604 0.14652777777777776
2 0.3076851851851852 0.36635416666666665 0.04892361111111114 0.12288194444444445
0 0.5067766203703703 0.4189236111111111 0.02303240740740744 0.039548611111111145
2 0.21347800925925928 0.5683159722222222 0.05679398148148147 0.17770833333333336
3 0.06788194444444444 0.39666666666666667 0.05596064814814814 0.14958333333333335
2 0.374068287037037 0.47105902777777775 0.05733796296296294 0.1433680555555556
2 0.48610532407407414 0.3787847222222222 0.0595833333333335 0.11374999999999993
2 0.5077719907407408 0.27993055555555557 0.04386574074074083 0.11027777777777778
2 0.5196875000000001 0.4311284722222222 0.04745370370370381 0.1259722222222223
2 0.7011979166666666 0.49736111111111114 0.08487268518518505 0.17677083333333332
2 0.7550925925925925 0.3384548611111111 0.041898148148148094 0.14927083333333338
2 0.8128993055555555 0.3637152777777778 0.041712962962962764 0.1430208333333333
2 0.8963657407407407 0.41885416666666664 0.06680555555555542 0.14670138888888892