2 0.8284259259259258 0.6477083333333333 0.06356481481481495 0.14791666666666678
2 0.5662615740740741 0.6904166666666667 0.05719907407407412 0.13187499999999996
2 0.35292824074074075 0.6832291666666667 0.05583333333333336 0.15833333333333321
2 0.45945023148148145 0.65359375 0.043055555555555534 0.11999999999999993
2 0.21570601851851853 0.4255208333333333 0.05879629629629628 0.13666666666666671
2 0.5058043981481481 0.3049479166666667 0.041446759259259204 0.11364583333333336
2 0.5525694444444444 0.32291666666666663 0.04771990740740737 0.1171875
2 0.6641493055555555 0.24359374999999997 0.03030092592592588 0.08479166666666664
2 0.7806365740740742 0.24041666666666667 0.02724537037037038 0.09395833333333332
2 0.9503125000000001 0.33770833333333333 0.03982638888888914 0.10572916666666661
2 0.823136574074074 0.41208333333333336 0.04614583333333329 0.11552083333333343
2 0.6949710648148149 0.40901041666666665 0.04146990740740737 0.11677083333333335
2 0.4102430555555555 0.64875 0.05270833333333336 0.15812500000000007
2 0.9846585648148147 0.5549479166666667 0.024432870370370452 0.1359375
0 0.4708333333333334 0.6996875 0.017476851851851903 0.04020833333333336
3 0.724363425925926 0.4508333333333333 0.04773148148148145 0.11875
3 0.670162037037037 0.17052083333333334 0.031898148148148134 0.08958333333333335