2 0.18119212962962963 0.2029513888888889 0.06579861111111115 0.13350694444444447
2 0.23321759259259262 0.23466435185185186 0.06875 0.1289351851851852
2 0.07743055555555556 0.48530092592592594 0.09820601851851851 0.1659143518518519
2 0.12774884259259262 0.6187789351851851 0.10682870370370372 0.1880787037037038
2 0.4525752314814815 0.5598090277777777 0.11053240740740744 0.16168981481481487
2 0.5250868055555555 0.5109664351851853 0.0831018518518519 0.1372685185185185
3 0.5180844907407407 0.40639467592592593 0.07679398148148149 0.13547453703703702
2 0.5831018518518519 0.38755787037037037 0.08130787037037024 0.13096064814814817
2 0.67109375 0.5877025462962963 0.09178240740740744 0.16099537037037043
2 0.7560185185185185 0.578298611111111 0.09519675925925916 0.16892361111111107
2 0.8552083333333332 0.5527199074074074 0.08443287037037024 0.13107638888888892
2 0.9989872685185185 0.43046875 0.0020254629629629763 0.11626157407407404
2 0.8538483796296298 0.32589699074074074 0.059780092592592385 0.09739583333333339
2 0.5796875 0.21087962962962964 0.05798611111111107 0.09108796296296298
2 0.4217592592592593 0.17135416666666664 0.06516203703703702 0.11631944444444446
2 0.35205439814814815 0.3593460648148148 0.071875 0.12905092592592596
0 0.5638020833333334 0.5635127314814815 0.0315393518518519 0.05109953703703703
3 0.4232060185185185 0.08368055555555555 0.06180555555555554 0.10995370370370369