3 0.2772627314814815 0.43046296296296294 0.05047453703703706 0.1400115740740741
2 0.2533564814814815 0.23952546296296298 0.04079861111111107 0.11921296296296298
2 0.022268518518518517 0.2384722222222222 0.03902777777777778 0.1050694444444444
2 0.023946759259259258 0.4571412037037037 0.03650462962962962 0.14553240740740742
2 0.3815914351851852 0.41167245370370364 0.05674768518518523 0.1418981481481481
2 0.4705844907407407 0.5169907407407408 0.0597337962962964 0.13268518518518527
2 0.3985127314814815 0.6053703703703703 0.06490740740740746 0.16574074074074083
2 0.5284780092592593 0.5254571759259259 0.048958333333333215 0.14305555555555555
2 0.5923784722222223 0.5178414351851852 0.06189814814814802 0.17339120370370367
2 0.6820775462962964 0.5654282407407407 0.07271990740740755 0.16614583333333321
2 0.6320370370370371 0.2966319444444444 0.05350694444444439 0.13392361111111112
2 0.8943634259259259 0.40391203703703704 0.06756944444444457 0.13465277777777782
2 0.8921180555555555 0.3577372685185185 0.042337962962962904 0.11773148148148146
2 0.9233217592592592 0.3562326388888889 0.053460648148148236 0.1307986111111111
2 0.9890856481481481 0.7705729166666667 0.021828703703703666 0.16880787037037043
0 0.5187384259259259 0.5530555555555555 0.024131944444444463 0.04809027777777786