2 0.43631365740740746 0.6023032407407407 0.09604166666666672 0.15538194444444448
2 0.3982060185185185 0.4033449074074074 0.07228009259259256 0.1333333333333334
2 0.04276041666666667 0.3020601851851852 0.05945601851851852 0.11136574074074072
2 0.25625578703703705 0.26219328703703704 0.06575231481481483 0.11453703703703706
2 0.8631828703703703 0.25066550925925923 0.07680555555555557 0.12243055555555556
2 0.6208217592592593 0.24074074074074076 0.06255787037037024 0.10982638888888889
2 0.9019444444444445 0.2300636574074074 0.07377314814814824 0.1286574074074074
2 0.6263599537037037 0.4563483796296296 0.07678240740740741 0.12086805555555565
2 0.6996643518518518 0.4995601851851852 0.08829861111111104 0.16001157407407404
2 0.5425289351851852 0.4936921296296296 0.08480324074074072 0.1349884259259259
2 0.4916782407407407 0.489380787037037 0.08193287037037038 0.15215277777777772
2 0.07567708333333334 0.5198090277777778 0.09459490740740742 0.16318287037037038
3 0.2965335648148148 0.4494155092592592 0.0706944444444444 0.1317592592592593
0 0.580943287037037 0.4496527777777778 0.03019675925925931 0.03459490740740741
2 0.8935185185185185 0.29419560185185184 0.061111111111111074 0.11762731481481481