2 0.20099537037037035 0.5028645833333334 0.06412037037037041 0.13656250000000014
2 0.44038194444444445 0.31416666666666665 0.05280092592592602 0.103125
2 0.4963078703703704 0.31244791666666666 0.05988425925925931 0.11760416666666665
2 0.5827141203703704 0.654375 0.0685300925925926 0.13218750000000004
2 0.5426793981481481 0.6353645833333333 0.07128472222222229 0.12614583333333335
2 0.636082175925926 0.373125 0.06163194444444446 0.1208333333333333
2 0.8466030092592594 0.5902604166666666 0.06899305555555557 0.13999999999999985
2 0.8907523148148148 0.24536458333333333 0.05574074074074105 0.10020833333333332
2 0.41244212962962956 0.735625 0.0813194444444445 0.16416666666666674
2 0.7622569444444445 0.335625 0.05179398148148149 0.11239583333333325
2 0.5839004629629629 0.21479166666666666 0.04655092592592602 0.10270833333333336
2 0.6927546296296295 0.18703125 0.044525462962963044 0.09479166666666665
3 0.7158217592592593 0.3924479166666667 0.06494212962962961 0.12416666666666662
3 0.5562962962962963 0.14291666666666666 0.04415509259259274 0.08854166666666666
0 0.5747222222222221 0.6639583333333332 0.03081018518518519 0.04718750000000007
2 0.42813078703703705 0.6720833333333334 0.06945601851851854 0.14781250000000004
2 0.9546759259259259 0.45739583333333333 0.06954861111111121 0.14937499999999987