2 0.48339120370370364 0.5646354166666667 0.07621527777777785 0.1203819444444445
2 0.3013310185185185 0.31840277777777776 0.05295138888888893 0.12402777777777771
2 0.24265046296296297 0.31866319444444446 0.04311342592592595 0.11111111111111108
2 0.4270833333333333 0.2063888888888889 0.04155092592592595 0.11104166666666666
2 0.5613136574074075 0.17538194444444444 0.035648148148148096 0.07802083333333334
2 0.8213541666666668 0.2029513888888889 0.05190972222222214 0.09590277777777781
2 0.9777777777777779 0.38027777777777777 0.04444444444444429 0.12756944444444446
2 0.8087094907407408 0.4531423611111111 0.05706018518518512 0.15072916666666672
2 0.7684895833333333 0.5292708333333334 0.06354166666666661 0.15725694444444435
2 0.5411747685185185 0.5190277777777779 0.0642939814814815 0.13545138888888886
2 0.6089988425925925 0.34307291666666667 0.04600694444444429 0.10499999999999998
2 0.4427372685185185 0.39663194444444444 0.048263888888888926 0.1238194444444444
2 0.21229745370370373 0.6400694444444445 0.07465277777777776 0.1624305555555555
2 0.28778935185185184 0.7345312500000001 0.07199074074074074 0.1747916666666665
3 0.40046296296296297 0.12149305555555556 0.04351851851851851 0.12204861111111107
3 0.5859664351851852 0.3761805555555555 0.05040509259259256 0.13951388888888888
0 0.5663483796296296 0.5648611111111111 0.027777777777777856 0.03399305555555561