2 0.10786458333333333 0.2361979166666667 0.03989583333333333 0.11031250000000004
2 0.8399131944444445 0.29192708333333334 0.05104166666666643 0.12041666666666666
2 0.8600347222222222 0.2991666666666667 0.04642361111111128 0.12322916666666668
2 0.6582986111111111 0.4959375 0.07059027777777764 0.1576041666666665
2 0.33265625 0.19546875 0.04298611111111113 0.10895833333333335
2 0.4873611111111111 0.4301041666666666 0.06222222222222218 0.13208333333333327
2 0.4546180555555555 0.4642708333333333 0.04847222222222207 0.14520833333333344
2 0.3855381944444445 0.4134895833333333 0.04815972222222218 0.13114583333333343
2 0.3063194444444445 0.5732291666666667 0.06104166666666666 0.14916666666666673
0 0.6101215277777777 0.38213541666666667 0.024131944444444463 0.0328125
2 0.5490972222222222 0.24968749999999998 0.04777777777777779 0.11395833333333334
2 0.29036458333333337 0.3784895833333334 0.05277777777777777 0.12833333333333333
2 0.6978645833333333 0.33026041666666667 0.04312500000000004 0.11520833333333336
2 0.9315277777777778 0.3466666666666667 0.05593749999999993 0.13010416666666663
3 0.1415451388888889 0.40557291666666667 0.04701388888888887 0.14979166666666668
2 0.971875 0.6723958333333333 0.027152777777777713 0.16875