2 0.2477662037037037 0.37296874999999996 0.05665509259259256 0.13524305555555555
2 0.34164351851851854 0.36854166666666666 0.04891203703703706 0.1395833333333334
0 0.4567650462962963 0.5659722222222222 0.021006944444444287 0.04777777777777779
2 0.056325231481481476 0.47234375 0.07101851851851851 0.1561805555555555
2 0.01736689814814815 0.5860937500000001 0.0347337962962963 0.16593750000000007
2 0.4722685185185185 0.5221006944444444 0.05530092592592588 0.14923611111111104
2 0.49459490740740736 0.4926041666666666 0.05003472222222207 0.10996527777777772
2 0.47907986111111106 0.43171874999999993 0.04366898148148159 0.10187500000000008
2 0.5506828703703703 0.5060416666666667 0.05513888888888889 0.13829861111111122
2 0.6289467592592592 0.5001388888888888 0.048958333333333215 0.14270833333333321
1 0.7593113425925926 0.40743055555555563 0.050266203703703737 0.1255902777777777