2 0.14630208333333333 0.33171875 0.08624999999999998 0.14758101851851854
0 0.6351041666666667 0.5082638888888888 0.025 0.047523148148148134
2 0.46781249999999996 0.39782407407407405 0.09010416666666679 0.15861111111111112
2 0.2082291666666667 0.3033738425925926 0.07020833333333334 0.14086805555555557
2 0.10713541666666666 0.5215682870370371 0.09874999999999998 0.17134259259259252
2 0.26968749999999997 0.4341030092592593 0.07479166666666667 0.13944444444444457
2 0.30395833333333333 0.36447337962962967 0.0661458333333333 0.15010416666666665
2 0.4325 0.2725578703703704 0.06604166666666664 0.1251504629629629
2 0.6511979166666666 0.36042245370370374 0.06541666666666668 0.1157754629629629
2 0.7135416666666666 0.38430555555555557 0.06968749999999986 0.13305555555555557
2 0.66859375 0.5205266203703703 0.08760416666666657 0.16789351851851855
2 0.8133333333333332 0.45464120370370364 0.1 0.14331018518518518