2 0.042812499999999996 0.3378009259259259 0.048124999999999994 0.1131018518518518
2 0.28078125 0.4420081018518519 0.08364583333333328 0.1307986111111111
2 0.32515625 0.6393460648148148 0.08718750000000001 0.1605092592592591
2 0.3616666666666667 0.4377430555555556 0.0697916666666667 0.13371527777777778
2 0.45031250000000006 0.5147627314814814 0.07375000000000007 0.1462615740740741
2 0.53828125 0.4528472222222223 0.09791666666666661 0.13413194444444443
0 0.5910416666666667 0.41304398148148147 0.022083333333333323 0.02686342592592599
2 0.5708854166666667 0.3799652777777778 0.07552083333333322 0.12599537037037037
2 0.50390625 0.300144675925926 0.06593750000000007 0.09931712962962962
2 0.7343229166666667 0.49009259259259264 0.09947916666666679 0.18098379629629627
2 0.7876562500000001 0.30668981481481483 0.08458333333333315 0.1448611111111111
2 0.8365625 0.32614583333333336 0.08312500000000007 0.14640046296296294
2 0.9230729166666667 0.3594270833333333 0.08770833333333314 0.14490740740740743
3 0.13005208333333335 0.4990914351851852 0.09041666666666667 0.1621180555555556