2 0.2858101851851852 0.33472222222222225 0.07368055555555557 0.13739583333333324
2 0.38034143518518515 0.3326215277777778 0.06614583333333339 0.14190972222222217
0 0.4930671296296296 0.5319444444444444 0.026215277777777858 0.047395833333333214
2 0.09352430555555555 0.4297395833333333 0.09216435185185183 0.15965277777777764
2 0.05409722222222222 0.5432638888888889 0.05356481481481481 0.16659722222222229
2 0.5092245370370371 0.4877777777777778 0.07451388888888885 0.15145833333333342
2 0.5317766203703703 0.4591145833333334 0.06282407407407398 0.11218749999999993
2 0.5172280092592592 0.3984201388888889 0.056111111111111 0.10423611111111111
2 0.5881712962962963 0.4735069444444445 0.07386574074074073 0.14052083333333343
2 0.6669386574074074 0.4694097222222222 0.06633101851851855 0.1450347222222222
1 0.7985185185185186 0.37965277777777773 0.06687499999999993 0.12788194444444442