2 0.2732291666666667 0.4020949074074075 0.06930555555555555 0.1568287037037038
2 0.4101909722222222 0.6462037037037037 0.0734375 0.14460648148148145
2 0.4723090277777778 0.5986574074074074 0.0608680555555555 0.14230324074074083
2 0.5009201388888889 0.6079282407407407 0.04965277777777786 0.13540509259259254
2 0.7027951388888889 0.6382638888888889 0.07888888888888897 0.16207175925925926
2 0.9076562500000002 0.5242939814814814 0.069027777777778 0.1505787037037038
2 0.8580381944444444 0.2891087962962963 0.03739583333333343 0.1050694444444444
2 0.9552430555555557 0.20266782407407408 0.049444444444444714 0.1307175925925926
2 0.7911284722222222 0.1230960648148148 0.025833333333333285 0.09035879629629626
2 0.6788541666666668 0.1524652777777778 0.04111111111111114 0.08347222222222221
2 0.58046875 0.2475925925925926 0.04284722222222222 0.12253472222222221
2 0.5306944444444445 0.23800925925925925 0.03569444444444443 0.10185185185185182
2 0.7467361111111112 0.3051041666666666 0.042291666666666575 0.11003472222222221
0 0.5304513888888889 0.6555266203703705 0.015798611111111072 0.03989583333333328
3 0.7386631944444444 0.35258101851851853 0.03850694444444436 0.1300694444444444
3 0.6835416666666667 0.08168981481481481 0.03968750000000014 0.08650462962962964