2 0.13915509259259257 0.3988425925925926 0.0651041666666667 0.14537037037037043
0 0.6690162037037037 0.4415798611111111 0.01752314814814824 0.0465856481481481
2 0.47427083333333336 0.3794849537037037 0.06674768518518519 0.15642361111111108
2 0.19256944444444443 0.3558449074074074 0.04788194444444445 0.13940972222222223
2 0.1510300925925926 0.5877025462962963 0.07152777777777777 0.1692708333333334
2 0.28858796296296296 0.4642939814814815 0.05255787037037045 0.13819444444444445
2 0.30319444444444443 0.3898148148148148 0.04327546296296294 0.15
2 0.40558449074074077 0.27057291666666666 0.046203703703703705 0.12366898148148149
2 0.6450868055555555 0.29890046296296297 0.0476967592592592 0.11440972222222215
2 0.7129745370370371 0.3048032407407407 0.04938657407407412 0.13171296296296298
2 0.7049074074074074 0.44516782407407407 0.06057870370370377 0.1668981481481481
2 0.8297858796296296 0.34690393518518514 0.07756944444444436 0.14160879629629627