2 0.19755787037037037 0.45161458333333326 0.045185185185185175 0.13218750000000004
2 0.4798900462962964 0.3065104166666667 0.046736111111111 0.10583333333333336
2 0.5294733796296296 0.316875 0.04398148148148149 0.11187500000000003
2 0.42372106481481475 0.6455208333333333 0.05106481481481495 0.12635416666666668
2 0.3958159722222222 0.66640625 0.07175925925925926 0.1604166666666666
2 0.5989351851851852 0.69328125 0.06486111111111122 0.14906249999999996
2 0.8265451388888888 0.62453125 0.051527777777777575 0.13416666666666668
2 0.9164409722222222 0.29874999999999996 0.03974537037037038 0.09291666666666672
2 0.6844097222222223 0.38916666666666666 0.045173611111111 0.10572916666666661
2 0.8018344907407406 0.37973958333333335 0.037546296296296335 0.10833333333333331
2 0.6396238425925926 0.2316666666666667 0.03386574074074069 0.09874999999999998
2 0.7523148148148148 0.22270833333333334 0.03193287037037038 0.09239583333333332
3 0.6968460648148149 0.43078125000000006 0.04903935185185197 0.11843749999999993
3 0.6464583333333334 0.1560416666666667 0.031469907407407405 0.08458333333333332
0 0.4566435185185185 0.7120312500000001 0.02437499999999986 0.043645833333333425
2 0.33417824074074076 0.6873958333333332 0.05998842592592588 0.14562500000000006