3 0.2296875 0.396875 0.046875 0.13515625
2 0.21953125 0.21796875 0.03515625 0.10546875
2 0.3578125 0.390625 0.0421875 0.1328125
2 0.446875 0.471875 0.04609375 0.1375
2 0.503125 0.47578125 0.04921875 0.1453125
2 0.5390625 0.49296875 0.03515625 0.13125
2 0.67421875 0.54453125 0.04296875 0.17109375
2 0.61015625 0.28125 0.034375 0.109375
2 0.86015625 0.3890625 0.04453125 0.11015625
2 0.890625 0.35 0.046875 0.13125
2 0.9234375 0.34140625 0.04296875 0.11875
2 0.9890625 0.43125 0.02109375 0.1234375
2 0.98984375 0.76015625 0.0203125 0.1484375
2 0.378125 0.571875 0.0484375 0.14765625
0 0.621875 0.45703125 0.01328125 0.040625