2 0.48696180555555557 0.5639351851851853 0.0832523148148148 0.12444444444444436
2 0.2853935185185185 0.33652199074074074 0.061423611111111144 0.12487268518518527
2 0.22686921296296295 0.34190393518518525 0.05167824074074066 0.11188657407407412
2 0.4022106481481481 0.21231481481481485 0.05016203703703699 0.11336805555555554
2 0.5331539351851852 0.16875 0.04137731481481488 0.08015046296296298
2 0.7953587962962962 0.17158564814814814 0.059074074074074015 0.09822916666666667
2 0.9691753472222222 0.33286458333333335 0.0616493055555555 0.13168981481481482
2 0.8019849537037038 0.4216261574074074 0.06850694444444443 0.15332175925925923
2 0.7683622685185185 0.5016145833333333 0.07494212962962976 0.1598958333333332
2 0.5402372685185185 0.513443287037037 0.07434027777777778 0.13958333333333323
2 0.5943113425925926 0.3314583333333333 0.05310185185185183 0.10728009259259261
2 0.4328125 0.4000810185185185 0.05673611111111114 0.12462962962962969
2 0.22234375 0.6645081018518518 0.0860185185185185 0.16515046296296293
2 0.3054976851851852 0.7509606481481482 0.0848263888888889 0.17756944444444436
3 0.36848379629629624 0.1303414351851852 0.05204861111111114 0.12438657407407408
3 0.5742129629629631 0.36614583333333334 0.06193287037037045 0.14206018518518518
0 0.5696585648148147 0.5557349537037037 0.029143518518518617 0.035833333333333425