0 0.5921643518518518 0.4336458333333334 0.025659722222222216 0.0390625
3 0.017951388888888888 0.36375 0.035902777777777777 0.15333333333333332
2 0.1736400462962963 0.36583333333333334 0.05208333333333335 0.14354166666666668
2 0.23964699074074075 0.32875 0.049224537037036956 0.12156250000000002
2 0.3592476851851852 0.3721354166666667 0.04831018518518517 0.13239583333333335
2 0.45106481481481475 0.2671875 0.04729166666666664 0.11520833333333336
2 0.4933796296296296 0.3935416666666667 0.07947916666666668 0.159375
2 0.6785127314814815 0.3290625 0.08093749999999993 0.13145833333333332
2 0.7472569444444443 0.33770833333333333 0.054189814814814954 0.1265625
2 0.8491145833333335 0.3916145833333333 0.06724537037037023 0.13677083333333329
2 0.6938483796296296 0.46421875 0.0774537037037037 0.15145833333333342
2 0.30591435185185184 0.43171874999999993 0.06274305555555557 0.13958333333333323
2 0.15328703703703703 0.56484375 0.06320601851851855 0.1473958333333334