2 0.18484375000000003 0.4752199074074074 0.049548611111111106 0.15287037037037035
2 0.45182870370370376 0.30736689814814816 0.049282407407407545 0.11693287037037034
2 0.50109375 0.3040335648148148 0.04614583333333329 0.1151851851851852
2 0.4140740740740741 0.6560648148148148 0.0700231481481481 0.17594907407407412
2 0.3676041666666666 0.7041145833333333 0.07475694444444443 0.18247685185185175
2 0.5570196759259259 0.6676620370370371 0.0636111111111111 0.15370370370370381
2 0.8256423611111112 0.5952604166666667 0.055763888888888856 0.14855324074074083
2 0.9609606481481482 0.4758796296296296 0.05412037037037045 0.13752314814814817
2 0.905474537037037 0.26390625 0.039699074074074046 0.0882523148148148
2 0.650636574074074 0.3746412037037037 0.042893518518518546 0.09781250000000004
2 0.7766087962962963 0.3563136574074074 0.05081018518518512 0.11233796296296301
2 0.6041319444444444 0.21634837962962963 0.035104166666666714 0.10047453703703706
2 0.7199710648148148 0.19429398148148147 0.033495370370370384 0.09413194444444448
3 0.7059374999999999 0.40058449074074076 0.05409722222222228 0.13439814814814816
3 0.5930150462962963 0.13440393518518517 0.03343750000000014 0.08631944444444443
0 0.517824074074074 0.6833159722222222 0.019004629629629656 0.03548611111111129
2 0.49776041666666665 0.6485185185185185 0.062002314814814774 0.14736111111111114