0 0.48588541666666674 0.5432581018518519 0.02312499999999993 0.04293981481481488
1 0.8024479166666666 0.42873263888888885 0.06979166666666643 0.13506944444444446
2 0.12567708333333333 0.45899884259259255 0.07635416666666668 0.16336805555555553
2 0.08416666666666668 0.5728009259259259 0.0671875 0.16614583333333321
2 0.3207291666666666 0.38049768518518523 0.057395833333333354 0.1361689814814815
2 0.3857291666666666 0.3618634259259259 0.06593749999999998 0.1473958333333333
2 0.48687500000000006 0.4996527777777778 0.06875 0.14282407407407405
2 0.5247395833333334 0.424681712962963 0.07802083333333343 0.1416087962962962
2 0.55234375 0.4997395833333334 0.07333333333333343 0.1414351851851851
2 0.5758333333333333 0.5130787037037037 0.0578125 0.1424189814814815
2 0.7182291666666666 0.5097800925925926 0.07885416666666671 0.1541087962962962