2 0.4515625 0.5796875 0.05859375 0.11015625
2 0.3109375 0.30703125 0.034375 0.11796875
2 0.253125 0.29765625 0.0265625 0.10625
2 0.453125 0.2171875 0.025 0.1078125
2 0.58984375 0.20859375 0.02421875 0.07421875
2 0.8421875 0.27890625 0.03828125 0.0890625
2 0.97734375 0.48203125 0.04453125 0.12109375
2 0.78984375 0.5234375 0.034375 0.1453125
2 0.73828125 0.5921875 0.03984375 0.1515625
2 0.515625 0.54453125 0.04453125 0.12890625
2 0.61015625 0.38203125 0.03046875 0.10078125
2 0.43828125 0.40703125 0.0296875 0.11875
2 0.17265625 0.609375 0.05 0.1546875
2 0.23203125 0.71484375 0.04609375 0.1671875
3 0.43984375 0.12890625 0.025 0.11875
3 0.5828125 0.4109375 0.0296875 0.13515625
0 0.53359375 0.59375 0.02265625 0.03046875