2 0.109375 0.30390625 0.0296875 0.12734375
2 0.1671875 0.3234375 0.03359375 0.12265625
2 0.07109375 0.60234375 0.0546875 0.153125
2 0.15 0.72109375 0.05625 0.17578125
2 0.453125 0.590625 0.06953125 0.1453125
2 0.51328125 0.52734375 0.046875 0.12578125
3 0.4828125 0.4265625 0.03984375 0.1265625
2 0.5421875 0.39375 0.046875 0.11953125
2 0.67265625 0.56953125 0.0484375 0.15
2 0.753125 0.54140625 0.05 0.1578125
2 0.84375 0.49453125 0.05078125 0.11875
2 0.9859375 0.3359375 0.028125 0.11171875
2 0.7921875 0.2734375 0.034375 0.08984375
2 0.49921875 0.22265625 0.034375 0.08359375
2 0.33671875 0.21953125 0.03359375 0.109375
2 0.3109375 0.41796875 0.03671875 0.12109375
0 0.5625 0.56953125 0.01796875 0.04765625
3 0.31875 0.13359375 0.0328125 0.103125