2 0.08640625 0.5374479166666667 0.07302083333333334 0.13722222222222236
2 0.34291666666666665 0.33336805555555554 0.0598958333333333 0.10392361111111112
2 0.39416666666666667 0.32859375 0.06697916666666667 0.11670138888888885
2 0.48687500000000006 0.6069618055555555 0.07739583333333329 0.1327430555555555
2 0.46328125 0.6200173611111112 0.07781249999999992 0.1389930555555555
2 0.5210416666666667 0.38829861111111114 0.07041666666666657 0.12152777777777768
2 0.7680729166666667 0.5614756944444445 0.0963541666666666 0.16006944444444446
2 0.8165625000000001 0.22199652777777779 0.06281250000000008 0.10093750000000004
2 0.30244791666666665 0.75234375 0.09354166666666668 0.16461805555555564
2 0.6630208333333334 0.3389756944444445 0.058854166666666784 0.11166666666666672
2 0.49182291666666667 0.21539930555555556 0.05510416666666664 0.1021527777777778
2 0.6083333333333333 0.18375 0.0515625 0.0957638888888889
3 0.6277604166666666 0.3859895833333334 0.07364583333333333 0.12322916666666668
3 0.47463541666666664 0.14411458333333332 0.04947916666666678 0.08788194444444444
0 0.49739583333333337 0.6372048611111112 0.03427083333333343 0.04670138888888893
2 0.2864583333333333 0.67484375 0.0880208333333334 0.17527777777777764
2 0.8303125 0.4388715277777778 0.0830208333333335 0.14701388888888883