1 0.6894502314814815 0.5211979166666667 0.09443287037037038 0.0984375
2 0.6191377314814815 0.5165104166666666 0.0716666666666665 0.1875
0 0.8430034722222223 0.47359375000000004 0.025393518518518475 0.05479166666666657
2 0.4578240740740741 0.4510416666666666 0.065324074074074 0.17458333333333337
2 0.25234953703703705 0.438125 0.052731481481481525 0.16125000000000006
2 0.22153356481481482 0.48296875000000006 0.10358796296296298 0.06937500000000014
2 0.18869791666666666 0.37838541666666664 0.046493055555555565 0.16239583333333335
2 0.13357060185185185 0.4341145833333334 0.04643518518518519 0.15458333333333343
2 0.1283564814814815 0.5048958333333333 0.07628472222222223 0.17843750000000008
2 0.08618055555555555 0.6060416666666667 0.05766203703703705 0.19437499999999996
2 0.04850694444444444 0.3104166666666667 0.08240740740740742 0.1616666666666667
2 0.11738425925925926 0.4033333333333333 0.04765046296296296 0.1078125