3 0.2377314814814815 0.3227083333333333 0.08865740740740743 0.14565972222222223
2 0.2843460648148148 0.14543402777777778 0.06759259259259257 0.11357638888888885
2 0.36166087962962956 0.3421180555555555 0.08373842592592595 0.1423263888888889
2 0.4213831018518518 0.4399131944444445 0.08888888888888893 0.14878472222222214
2 0.4732349537037037 0.4547395833333333 0.09415509259259255 0.15680555555555564
2 0.5026331018518518 0.47835069444444445 0.07569444444444447 0.13885416666666667
2 0.6152488425925926 0.5558854166666667 0.09589120370370381 0.18024305555555564
2 0.636892361111111 0.2847222222222222 0.06782407407407405 0.11670138888888885
2 0.8410300925925928 0.44072916666666667 0.07899305555555572 0.1203125
2 0.882349537037037 0.4085243055555555 0.08686342592592596 0.14246527777777765
2 0.9160011574074074 0.40625 0.07957175925925916 0.128125
2 0.9419560185185185 0.5078819444444445 0.043634259259259164 0.12652777777777774
2 0.8479745370370371 0.8305381944444445 0.06724537037037023 0.15093749999999986
2 0.3240162037037037 0.5244444444444444 0.09427083333333339 0.15836805555555564
0 0.5927951388888889 0.45954861111111106 0.0265625 0.043229166666666784