2 0.05651041666666666 0.543431712962963 0.07135416666666668 0.13512731481481488
2 0.31213541666666667 0.3095196759259259 0.058229166666666644 0.10190972222222223
2 0.36541666666666667 0.30520833333333336 0.05583333333333336 0.11273148148148149
2 0.4761458333333334 0.561400462962963 0.08239583333333336 0.13709490740740743
2 0.43557291666666664 0.597193287037037 0.09343749999999992 0.1390625
2 0.4927604166666667 0.3589409722222222 0.0671875 0.11938657407407405
2 0.7509375 0.5075810185185186 0.08114583333333343 0.14172453703703702
2 0.80859375 0.16877893518518516 0.061145833333333496 0.09890046296296298
2 0.2821875 0.7236689814814815 0.1 0.16736111111111107
2 0.6419270833333334 0.29574652777777777 0.05729166666666678 0.11122685185185191
2 0.47140624999999997 0.18828125 0.05354166666666664 0.10173611111111107
2 0.5884375000000001 0.13952546296296295 0.05 0.09537037037037037
3 0.6129687500000001 0.3443576388888889 0.07208333333333332 0.1226851851851852
3 0.4531770833333333 0.11102430555555556 0.04791666666666679 0.0875
0 0.5175520833333334 0.5832465277777777 0.03270833333333343 0.04641203703703702
2 0.25515625000000003 0.6615451388888889 0.08489583333333339 0.17459490740740727
2 0.80921875 0.3932002314814815 0.0814583333333335 0.14641203703703703