3 0.062413194444444445 0.43223379629629627 0.0700925925925926 0.13043981481481487
2 0.23350115740740743 0.41258680555555555 0.08324074074074073 0.14184027777777786
2 0.2549074074074074 0.6020543981481481 0.08031249999999997 0.17135416666666678
2 0.3920775462962963 0.4724826388888889 0.0774537037037037 0.1494212962962962
2 0.2928645833333333 0.3837673611111111 0.0575925925925926 0.1299768518518519
2 0.44718750000000007 0.38509837962962956 0.07468749999999993 0.12905092592592596
2 0.48133101851851856 0.27421875 0.059699074074073974 0.11290509259259256
2 0.5453125 0.4026041666666667 0.0493287037037037 0.14837962962962958
0 0.5653993055555555 0.411255787037037 0.017476851851851903 0.03182870370370381
2 0.7674479166666666 0.46484375 0.0754398148148148 0.16805555555555554
2 0.7243171296296296 0.305150462962963 0.0755208333333334 0.14311342592592596
2 0.7953240740740741 0.31426504629629626 0.07525462962962948 0.16493055555555552
2 0.9043055555555556 0.3564236111111111 0.06633101851851855 0.14589120370370373