2 0.08310763888888889 0.5488946759259259 0.08100694444444445 0.15396990740740737
2 0.15631944444444446 0.32265046296296296 0.048553240740740744 0.11172453703703704
2 0.23646412037037035 0.4433912037037038 0.07140046296296294 0.1456712962962964
2 0.9388252314814813 0.7168923611111111 0.07388888888888871 0.17700231481481482
2 0.7933969907407408 0.5020023148148148 0.06795138888888878 0.13457175925925924
2 0.3892071759259259 0.305775462962963 0.0659259259259259 0.11886574074074074
2 0.6642708333333334 0.5555555555555556 0.07337962962962959 0.1598148148148148
2 0.45501157407407417 0.43516203703703704 0.07263888888888878 0.1348148148148148
2 0.6155671296296296 0.40358217592592593 0.06482638888888878 0.13440972222222225
2 0.22935185185185186 0.3929456018518519 0.07158564814814819 0.1519212962962963
0 0.6820949074074074 0.5877777777777778 0.025972222222222285 0.03410879629629626
2 0.6785474537037037 0.41701967592592587 0.06960648148148145 0.13777777777777764
2 0.09881944444444443 0.36192129629629627 0.0616087962962963 0.13112268518518527