3 0.26833333333333337 0.4125 0.06357638888888886 0.1296875
2 0.24569444444444444 0.21953125 0.03753472222222225 0.10625
2 0.013125000000000001 0.225 0.010694444444444446 0.1
2 0.38635416666666667 0.39609375 0.039722222222222214 0.1203125
2 0.4735243055555555 0.4765625 0.038298611111111214 0.1234375
2 0.4143923611111111 0.5875 0.0578125 0.140625
2 0.5327430555555555 0.490625 0.06534722222222236 0.134375
2 0.5858333333333333 0.48984375 0.05024305555555557 0.1109375
2 0.6918576388888888 0.5375 0.06378472222222217 0.134375
2 0.6331076388888889 0.2703125 0.04243055555555557 0.1109375
2 0.8930208333333333 0.3703125 0.05173611111111107 0.109375
2 0.9142534722222223 0.33828125 0.038784722222222 0.134375
2 0.9356076388888889 0.3265625 0.043333333333333356 0.13125
0 0.6309201388888889 0.4671875 0.020902777777777715 0.0484375