2 0.4515625 0.5880613425925926 0.0734375 0.15210648148148156
2 0.50078125 0.5611342592592592 0.0515625 0.12850694444444458
2 0.74921875 0.6186689814814814 0.06875 0.1520717592592593
2 0.81875 0.5314351851851852 0.0765625 0.15525462962962955
2 0.88515625 0.30281828703703706 0.05625 0.08166666666666664
2 0.67578125 0.374681712962963 0.0328125 0.10024305555555557
2 0.67109375 0.2090914351851852 0.025 0.08612268518518515
2 0.54375 0.2170659722222222 0.0375 0.09559027777777782
2 0.40859375 0.2930671296296296 0.04375 0.10657407407407407
2 0.35390625 0.2825347222222222 0.034375 0.11900462962962965
2 0.0671875 0.4190335648148148 0.0515625 0.14413194444444458
2 0.2234375 0.5913136574074074 0.05 0.1566203703703703
2 0.25703125 0.6887210648148148 0.0578125 0.18949074074074074
2 0.52109375 0.39067129629629627 0.0453125 0.12533564814814815
3 0.646875 0.41630208333333335 0.0453125 0.12533564814814807
3 0.53984375 0.1264699074074074 0.0296875 0.0877199074074074
0 0.53828125 0.6038252314814814 0.015625 0.03761574074074083