2 0.8462673611111111 0.5694965277777777 0.05574074074074069 0.14340277777777785
2 0.5938194444444445 0.6552777777777778 0.05092592592592595 0.12611111111111112
2 0.383130787037037 0.6841840277777778 0.04800925925925927 0.15416666666666679
2 0.4843229166666667 0.6364409722222222 0.03835648148148145 0.11645833333333329
2 0.21267939814814815 0.45074652777777774 0.0509722222222222 0.1323611111111111
2 0.4817013888888889 0.2825347222222222 0.03518518518518512 0.11013888888888887
2 0.5302083333333334 0.2929861111111111 0.041458333333333285 0.11340277777777778
2 0.6294675925925926 0.19520833333333334 0.0256018518518518 0.08180555555555555
2 0.7433449074074074 0.17274305555555555 0.02255787037037038 0.0926736111111111
2 0.9235127314814815 0.24157986111111113 0.03357638888888879 0.10385416666666662
2 0.8078240740740741 0.3358680555555556 0.03988425925925938 0.11180555555555553
2 0.6822048611111111 0.35494791666666664 0.03521990740740755 0.11482638888888888
2 0.43513888888888885 0.6400347222222222 0.044884259259259277 0.15409722222222227
2 0.9888425925925926 0.4508333333333333 0.022314814814814808 0.13333333333333322
0 0.5018344907407407 0.6805729166666666 0.014340277777777643 0.03781250000000007
3 0.7168402777777778 0.3908680555555556 0.04146990740740737 0.11496527777777779
3 0.6250173611111112 0.12168402777777779 0.02719907407407405 0.08652777777777776