0 0.6434722222222222 0.476724537037037 0.028298611111111073 0.039456018518518474
3 0.055850694444444446 0.324386574074074 0.06930555555555555 0.15405092592592595
2 0.22350694444444447 0.3500462962962963 0.06100694444444441 0.1429976851851852
2 0.28869791666666667 0.32171875 0.056909722222222216 0.12107638888888887
2 0.40940972222222227 0.3816898148148148 0.057395833333333354 0.13201388888888896
2 0.4998784722222222 0.2888831018518519 0.05506944444444439 0.1148032407407408
2 0.5441319444444443 0.42269097222222224 0.08989583333333329 0.16060185185185177
2 0.7284375 0.3832175925925926 0.09020833333333336 0.1325
2 0.7972743055555556 0.4017418981481482 0.06187499999999986 0.1273958333333333
2 0.9003645833333334 0.4697916666666666 0.07635416666666686 0.1369791666666668
2 0.7455208333333333 0.5213368055555556 0.08798611111111114 0.15276620370370358
2 0.35701388888888885 0.4340624999999999 0.0718055555555555 0.1400347222222223
2 0.20647569444444444 0.5473032407407408 0.07371527777777782 0.14787037037037046