2 0.20303819444444446 0.3968229166666667 0.049548611111111106 0.15322916666666667
2 0.49501157407407403 0.24291666666666667 0.049282407407407545 0.11729166666666666
2 0.5442476851851852 0.2419791666666667 0.04614583333333329 0.11552083333333334
2 0.4022106481481481 0.5883333333333333 0.0700231481481481 0.17645833333333344
2 0.34783564814814816 0.6341666666666667 0.07475694444444443 0.18302083333333333
2 0.5422627314814814 0.6071354166666667 0.0636111111111111 0.15416666666666662
2 0.8208738425925926 0.5486979166666666 0.055763888888888856 0.14895833333333322
2 0.9738715277777779 0.43604166666666666 0.05225694444444429 0.13791666666666663
2 0.9528935185185186 0.22177083333333333 0.039699074074074046 0.0885416666666666
2 0.6823900462962963 0.31953125 0.042893518518518546 0.09812500000000002
2 0.8104918981481483 0.30786458333333333 0.05081018518518512 0.11270833333333333
2 0.6608796296296295 0.15916666666666665 0.035104166666666714 0.10072916666666668
2 0.7795717592592593 0.1434375 0.033495370370370384 0.09437500000000001
3 0.7334085648148149 0.34817708333333336 0.05409722222222228 0.13479166666666673
3 0.6626157407407407 0.07697916666666667 0.03343749999999997 0.08656250000000001
0 0.5009375 0.6208333333333333 0.019004629629629476 0.03562499999999993
2 0.4866087962962963 0.5858333333333333 0.062002314814814774 0.14781250000000004