2 0.25078125 0.43046875 0.05390625 0.15078125
2 0.38984375 0.675 0.059375 0.13828125
2 0.45078125 0.628125 0.046875 0.13671875
2 0.4796875 0.6375 0.0375 0.13125
2 0.68203125 0.66875 0.0640625 0.15390625
2 0.88515625 0.55625 0.05546875 0.14375
2 0.834375 0.32109375 0.02734375 0.10234375
2 0.93046875 0.2359375 0.03671875 0.1265625
2 0.765625 0.15546875 0.01796875 0.08828125
2 0.65390625 0.18359375 0.0328125 0.0796875
2 0.55625 0.278125 0.03125 0.11875
2 0.50625 0.26796875 0.0265625 0.0984375
2 0.72265625 0.33671875 0.03203125 0.10625
0 0.509375 0.68515625 0.0125 0.0390625
3 0.715625 0.38359375 0.0265625 0.12734375
3 0.6578125 0.11328125 0.03203125 0.0828125