2 0.026440972222222227 0.66171875 0.027673611111111107 0.1921875
2 0.18036458333333333 0.15932291666666668 0.04930555555555553 0.1125
2 0.9647916666666667 0.3910416666666666 0.06989583333333335 0.12635416666666668
2 0.9455729166666668 0.33598958333333334 0.06836805555555543 0.12781250000000002
2 0.7033680555555556 0.5273958333333334 0.0941319444444444 0.1638541666666667
2 0.3879513888888889 0.17052083333333332 0.05239583333333329 0.11114583333333332
2 0.5709895833333334 0.4853645833333333 0.07326388888888893 0.1375
2 0.5088888888888888 0.47229166666666667 0.07322916666666668 0.1359375
2 0.4656076388888889 0.35546875 0.05916666666666668 0.13499999999999995
2 0.41369791666666667 0.5545312499999999 0.07361111111111107 0.153125
0 0.6662673611111112 0.51265625 0.027291666666666714 0.03458333333333332
2 0.7254861111111112 0.25520833333333337 0.057222222222222285 0.1177083333333333
2 0.1459375 0.3705208333333333 0.06222222222222222 0.13208333333333327
2 0.6815104166666666 0.45921874999999995 0.05253472222222229 0.1173958333333335
2 0.9803124999999999 0.33098958333333334 0.03937500000000007 0.1203125
3 0.3681423611111111 0.37057291666666664 0.061423611111111144 0.16635416666666664