2 0.12136574074074073 0.516875 0.06469907407407409 0.13666666666666671
2 0.38308449074074075 0.32265625 0.053622685185185134 0.10322916666666666
2 0.43480902777777786 0.32296874999999997 0.06060185185185176 0.11770833333333339
2 0.48953703703703705 0.6433333333333333 0.06914351851851848 0.13229166666666678
2 0.48109375 0.6247395833333333 0.06133101851851848 0.13177083333333323
2 0.5694328703703704 0.38760416666666664 0.06232638888888893 0.12093749999999996
2 0.773449074074074 0.595625 0.0862268518518519 0.1614583333333334
2 0.8526041666666668 0.23322916666666665 0.05658564814814824 0.10031250000000007
2 0.3212847222222222 0.7434375 0.08326388888888889 0.16437500000000008
2 0.7078009259259259 0.34979166666666667 0.05254629629629619 0.1125
2 0.5316435185185184 0.224375 0.04893518518518505 0.10291666666666668
2 0.649994212962963 0.19463541666666667 0.045405092592592664 0.09489583333333336
3 0.658912037037037 0.40062499999999995 0.06561342592592592 0.12427083333333329
3 0.5155439814814815 0.14177083333333335 0.04351851851851851 0.08854166666666666
0 0.5063599537037037 0.6515104166666668 0.030474537037036953 0.04718750000000007
2 0.327193287037037 0.67484375 0.07766203703703703 0.17645833333333344
2 0.8777488425925928 0.47401041666666666 0.07965277777777757 0.15479166666666658