2 0.2269675925925926 0.43878472222222226 0.06642361111111113 0.13857638888888885
2 0.40391203703703704 0.27361111111111114 0.030995370370370347 0.11673611111111111
2 0.4565798611111111 0.28218750000000004 0.0367592592592592 0.10763888888888892
2 0.5420601851851852 0.18699652777777778 0.03438657407407408 0.09194444444444443
2 0.6597569444444444 0.17196180555555557 0.035543981481481524 0.08420138888888888
2 0.6678877314814814 0.3438020833333334 0.04457175925925938 0.10798611111111107
2 0.7577025462962963 0.3322048611111111 0.044166666666666646 0.10017361111111107
2 0.8071122685185184 0.24788194444444445 0.03675925925925938 0.10763888888888892
2 0.9264293981481482 0.5797743055555555 0.06362268518518518 0.14468750000000002
2 0.9871180555555554 0.4535590277777778 0.02576388888888914 0.12836805555555558
2 0.7436342592592593 0.7072743055555556 0.07200231481481474 0.15597222222222218
2 0.4995023148148148 0.6590104166666666 0.060416666666666785 0.1429861111111112
2 0.4608217592592593 0.6947048611111111 0.06817129629629637 0.11215277777777785
2 0.42447337962962967 0.6400868055555555 0.04990740740740733 0.1206944444444444
3 0.6212615740740741 0.3916145833333333 0.04241898148148131 0.12659722222222225
3 0.5521527777777778 0.11105902777777779 0.03282407407407408 0.09187500000000001
0 0.42104745370370367 0.7093055555555555 0.018888888888889 0.03357638888888879