2 0.35326967592592595 0.44642939814814814 0.0712731481481482 0.13953703703703707
2 0.42717013888888883 0.5122627314814815 0.07011574074074076 0.14733796296296298
2 0.4775405092592592 0.4595659722222222 0.08056712962962961 0.13804398148148156
2 0.4888252314814815 0.27205439814814814 0.07046296296296291 0.12391203703703706
2 0.6115798611111111 0.34455439814814814 0.07679398148148149 0.1255208333333333
2 0.6576273148148148 0.49571759259259257 0.08293981481481474 0.15368055555555565
2 0.7836516203703704 0.27924189814814815 0.07587962962962962 0.13800925925925922
2 0.8226851851851851 0.29457175925925927 0.06224537037037052 0.11604166666666664
2 0.8939236111111111 0.3213773148148148 0.07646990740740733 0.1192708333333333
2 0.2612847222222222 0.44320601851851854 0.0688194444444445 0.12233796296296298
2 0.2844155092592593 0.6296817129629629 0.09625000000000003 0.16939814814814813
2 0.03943865740740741 0.3238020833333334 0.0563425925925926 0.0925694444444444
3 0.09643518518518518 0.4897222222222222 0.08574074074074074 0.14745370370370364
0 0.5851851851851851 0.40175925925925926 0.029155092592592524 0.05019675925925924