2 0.24375 0.58203125 0.0625 0.14375
2 0.4015625 0.48359375 0.046875 0.13359375
2 0.0359375 0.23671875 0.034375 0.10625
2 0.33203125 0.39296875 0.04140625 0.1296875
2 0.83515625 0.37421875 0.05078125 0.1203125
2 0.778125 0.35546875 0.05078125 0.1265625
2 0.525 0.29140625 0.0515625 0.1109375
2 0.71015625 0.52578125 0.05390625 0.1515625
2 0.52421875 0.44140625 0.05546875 0.12578125
2 0.53515625 0.38671875 0.0484375 0.1265625
2 0.259375 0.39375 0.04140625 0.1421875
3 0.09140625 0.40234375 0.0515625 0.13984375
0 0.5515625 0.42578125 0.02265625 0.03046875
2 0.9171875 0.43046875 0.03515625 0.1125