2 0.01875 0.471875 0.0359375 0.12890625
2 0.35390625 0.30390625 0.03203125 0.109375
2 0.48671875 0.221875 0.02734375 0.1078125
2 0.509375 0.55546875 0.04765625 0.1265625
2 0.4484375 0.58359375 0.05 0.12109375
2 0.46953125 0.3984375 0.0375 0.1125
2 0.7546875 0.6 0.05234375 0.1421875
2 0.8546875 0.28515625 0.0359375 0.0921875
2 0.25 0.7140625 0.0578125 0.15546875
2 0.63515625 0.3765625 0.034375 0.10546875
2 0.29609375 0.3015625 0.0265625 0.096875
2 0.6203125 0.20859375 0.025 0.08984375
3 0.60703125 0.41015625 0.040625 0.11484375
3 0.471875 0.1296875 0.02578125 0.0828125
0 0.5421875 0.60234375 0.021875 0.0421875
2 0.1984375 0.615625 0.05234375 0.15703125
2 0.8015625 0.5171875 0.04453125 0.13671875