2 0.21877314814814816 0.4279456018518519 0.041898148148148094 0.14954861111111112
2 0.43661458333333336 0.2803587962962963 0.043912037037036986 0.11214120370370369
2 0.48495949074074074 0.2849189814814815 0.040740740740740834 0.1104861111111111
2 0.39338541666666665 0.630949074074074 0.05986111111111114 0.12354166666666658
2 0.4018287037037037 0.6890625 0.06440972222222215 0.11899305555555557
2 0.45606481481481487 0.6531365740740741 0.04493055555555543 0.1465162037037036
2 0.7039178240740741 0.7066145833333334 0.06496527777777779 0.13774305555555558
2 0.895028935185185 0.5902951388888888 0.05899305555555543 0.14693287037037042
2 0.8426909722222223 0.24547453703703703 0.03577546296296319 0.1009722222222222
2 0.6834085648148148 0.3431886574074074 0.038715277777777855 0.09481481481481477
2 0.7844444444444445 0.3375810185185185 0.04689814814814817 0.10754629629629626
2 0.5868171296296296 0.1987962962962963 0.030995370370370347 0.09770833333333333
2 0.707204861111111 0.17343171296296295 0.02924768518518519 0.09141203703703704
3 0.6404976851851851 0.39274305555555555 0.047546296296296295 0.12942129629629626
3 0.600920138888889 0.1186747685185185 0.029016203703703704 0.08359953703703704
0 0.38587962962962963 0.6995370370370371 0.01664351851851853 0.03483796296296297