2 0.27349537037037036 0.4059895833333334 0.04254629629629632 0.13269675925925917
2 0.5173553240740741 0.23697916666666666 0.04371527777777793 0.10625
2 0.5682407407407407 0.2402488425925926 0.040706018518518405 0.11383101851851851
2 0.46309606481481486 0.5866898148148149 0.0487268518518519 0.12847222222222215
2 0.42416666666666664 0.6513599537037036 0.05472222222222225 0.11174768518518512
2 0.7302893518518518 0.6200810185185185 0.061550925925925884 0.1512731481481481
2 0.9210185185185186 0.5074074074074074 0.04728009259259238 0.13616898148148132
2 0.9325405092592594 0.17650462962962962 0.03730324074074076 0.09484953703703702
2 0.7512905092592593 0.29551504629629627 0.04215277777777793 0.10613425925925926
2 0.8494849537037037 0.2718171296296296 0.04688657407407391 0.10960648148148149
2 0.6677025462962962 0.14372106481481478 0.031145833333333428 0.10063657407407404
2 0.7846469907407407 0.11863425925925926 0.029467592592592594 0.09270833333333331
3 0.7229166666666667 0.33359375 0.04702546296296291 0.1189814814814815
3 0.675954861111111 0.06724537037037036 0.02937499999999993 0.08645833333333333
0 0.5235243055555555 0.6533854166666666 0.017696759259259308 0.035648148148148096
2 0.5077430555555555 0.5912037037037037 0.05523148148148138 0.14612268518518512