2 0.1871701388888889 0.48541087962962964 0.07094907407407405 0.1366087962962963
2 0.6227893518518519 0.5501678240740742 0.07833333333333332 0.1588541666666668
2 0.4654861111111111 0.41545138888888883 0.07949074074074076 0.15113425925925927
2 0.5331597222222222 0.5339525462962963 0.05928240740740733 0.12189814814814817
2 0.35446180555555556 0.25699652777777776 0.0648842592592593 0.10976851851851847
0 0.5687384259259259 0.574224537037037 0.028344907407407405 0.035949074074074085
2 0.4685706018518518 0.6251446759259259 0.09880787037037031 0.16318287037037038
2 0.7407175925925926 0.5563773148148148 0.06887731481481474 0.15673611111111113
2 0.6949942129629629 0.29041666666666666 0.059791666666666646 0.10167824074074075
2 0.9147974537037037 0.3236921296296297 0.06668981481481495 0.11454861111111114
2 0.9586805555555555 0.3138310185185185 0.06232638888888893 0.12052083333333333
2 0.955821759259259 0.3938831018518518 0.07162037037037053 0.11951388888888888
2 0.16291087962962963 0.2729050925925926 0.05559027777777779 0.110775462962963
2 0.12561342592592592 0.8003125000000001 0.08784722222222223 0.19212962962962976
3 0.3835011574074074 0.45654513888888887 0.07833333333333332 0.1588541666666668
2 0.7241435185185185 0.5071064814814814 0.06356481481481495 0.11436342592592581