2 0.033622685185185186 0.19725694444444444 0.044895833333333336 0.11423611111111116
2 0.24061921296296296 0.3732465277777778 0.07332175925925925 0.15135416666666668
2 0.31191550925925926 0.37249999999999994 0.06273148148148149 0.12750000000000003
0 0.5025578703703704 0.45614583333333336 0.02866898148148156 0.04180555555555561
2 0.19648148148148148 0.5599999999999999 0.07650462962962967 0.182673611111111
3 0.07186921296296296 0.3657465277777778 0.07192129629629629 0.15440972222222218
2 0.3662789351851852 0.48689236111111106 0.07315972222222218 0.1482291666666665
2 0.4875983796296296 0.41241319444444446 0.07170138888888893 0.12010416666666668
2 0.5191435185185185 0.3175 0.05583333333333336 0.11472222222222221
2 0.515150462962963 0.47001736111111114 0.06133101851851848 0.13055555555555554
2 0.6864756944444445 0.5637673611111111 0.10471064814814816 0.1854861111111111
2 0.7576967592592593 0.41345486111111107 0.05785879629629633 0.15378472222222223
2 0.8115046296296295 0.44795138888888886 0.05745370370370395 0.14597222222222223
2 0.8886516203703703 0.5155902777777778 0.08277777777777758 0.15333333333333332