2 0.43635416666666665 0.589994212962963 0.06672453703703703 0.1494097222222223
2 0.2841435185185185 0.39479166666666665 0.0509606481481482 0.13042824074074072
2 0.1372511574074074 0.2848148148148148 0.047685185185185205 0.11006944444444447
2 0.327193287037037 0.19545138888888888 0.05552083333333328 0.11331018518518517
2 0.4929513888888889 0.21587384259259262 0.049143518518518545 0.09603009259259263
2 0.7960127314814816 0.3172280092592593 0.049131944444444464 0.09446759259259263
2 0.9840740740740742 0.4176851851851852 0.03185185185185162 0.12550925925925932
2 0.8047222222222221 0.543894675925926 0.04771990740740719 0.11475694444444447
2 0.7316087962962963 0.586556712962963 0.058958333333333356 0.15554398148148146
2 0.5202256944444444 0.523275462962963 0.06659722222222228 0.1322222222222223
2 0.5333333333333334 0.39457754629629627 0.05564814814814802 0.1304976851851852
2 0.037667824074074076 0.5504976851851853 0.06836805555555556 0.16037037037037044
2 0.09875578703703705 0.6771701388888889 0.06689814814814814 0.1728472222222223
3 0.31322916666666667 0.10306712962962963 0.038252314814814795 0.10211805555555556
3 0.4569270833333333 0.41453703703703704 0.05719907407407412 0.12895833333333329
0 0.5565740740740741 0.5792766203703703 0.026805555555555572 0.033206018518518475
2 0.09012731481481481 0.2505266203703703 0.049398148148148156 0.13040509259259264
2 0.9930497685185184 0.506875 0.013900462962963189 0.09712962962962948