2 0.20555555555555555 0.6055555555555555 0.08287037037037041 0.15003472222222225
2 0.3644386574074074 0.4995312500000001 0.06631944444444446 0.13718749999999993
2 0.011545138888888888 0.2699652777777778 0.023090277777777776 0.10868055555555553
2 0.2950231481481481 0.4119097222222222 0.059837962962962975 0.13392361111111112
2 0.7997974537037037 0.36913194444444447 0.0685185185185185 0.12475694444444443
2 0.7422453703703703 0.35376736111111107 0.06898148148148149 0.13100694444444444
2 0.4886863425925926 0.30118055555555556 0.06782407407407405 0.11538194444444443
2 0.6738715277777778 0.5267534722222222 0.0755208333333334 0.156111111111111
2 0.4877314814814815 0.45140624999999995 0.07366898148148149 0.131111111111111
2 0.49887152777777777 0.39609375 0.06741898148148148 0.13097222222222218
2 0.2219039351851852 0.4165451388888889 0.06232638888888893 0.14645833333333336
3 0.05399305555555556 0.4331597222222222 0.07158564814814813 0.14510416666666667
0 0.5147858796296296 0.43479166666666663 0.027314814814814882 0.03180555555555564
2 0.8811921296296296 0.4218055555555555 0.05063657407407405 0.11499999999999985