2 0.459375 0.5953125 0.0609375 0.14609375
2 0.50625 0.56484375 0.04140625 0.12421875
2 0.759375 0.60234375 0.05625 0.14765625
2 0.82109375 0.509375 0.0640625 0.14921875
2 0.8671875 0.2765625 0.05 0.0765625
2 0.66484375 0.36484375 0.025 0.09765625
2 0.6453125 0.2 0.01796875 0.08515625
2 0.51953125 0.21796875 0.0296875 0.09375
2 0.39140625 0.3046875 0.03515625 0.10390625
2 0.3359375 0.2984375 0.02421875 0.11640625
2 0.06171875 0.4578125 0.03984375 0.140625
2 0.2328125 0.61640625 0.0375 0.153125
2 0.27421875 0.7109375 0.0421875 0.18671875
2 0.51171875 0.39296875 0.034375 0.121875
3 0.6390625 0.40859375 0.034375 0.121875
3 0.5078125 0.128125 0.02265625 0.08515625
0 0.54765625 0.60390625 0.0125 0.0359375