2 0.20031249999999998 0.4033969907407407 0.06237268518518526 0.13049768518518512
2 0.6223842592592593 0.5446875 0.06679398148148152 0.15241898148148145
2 0.49437499999999995 0.3866782407407407 0.06789351851851855 0.1446296296296296
2 0.5362037037037037 0.51296875 0.050601851851851974 0.11627314814814813
2 0.4178298611111111 0.21460069444444443 0.057673611111111175 0.10388888888888896
0 0.5630613425925926 0.5578587962962963 0.026851851851851904 0.03162037037037031
2 0.450943287037037 0.5889814814814816 0.08719907407407419 0.15428240740740745
2 0.7388020833333334 0.5729513888888889 0.05741898148148152 0.15228009259259245
2 0.7511863425925925 0.30774305555555553 0.05261574074074069 0.09756944444444446
2 0.9639004629629628 0.38036458333333334 0.059513888888889 0.10859953703703695
2 0.9911053240740741 0.3786111111111111 0.01778935185185162 0.11615740740740739
2 0.9793576388888889 0.4549074074074074 0.041284722222222216 0.11333333333333329
2 0.2230613425925926 0.19454282407407406 0.046828703703703664 0.10528935185185184
2 0.039600694444444445 0.28627314814814814 0.029363425925925925 0.10034722222222223
2 0.0707986111111111 0.6941898148148148 0.07030092592592592 0.18525462962962963
3 0.4029340277777777 0.41108217592592594 0.06835648148148152 0.1524421296296296
2 0.733449074074074 0.5221354166666666 0.056388888888889 0.10855324074074062