3 0.21880208333333334 0.4174363425925926 0.07125000000000004 0.13217592592592595
2 0.21130208333333336 0.22554976851851852 0.04468750000000003 0.10836805555555555
2 0.33890625 0.39536458333333335 0.04552083333333332 0.12086805555555555
2 0.41968750000000005 0.4714351851851852 0.04583333333333321 0.12555555555555564
2 0.3519791666666667 0.5856076388888889 0.06572916666666666 0.1430208333333333
2 0.47750000000000004 0.48228587962962965 0.07312499999999993 0.13688657407407412
2 0.5307812500000001 0.4791550925925926 0.05593749999999993 0.11321759259259263
2 0.6333333333333334 0.5213425925925926 0.07156249999999993 0.13686342592592596
2 0.5955208333333333 0.2573206018518518 0.049583333333333354 0.11156249999999997
2 0.8472916666666667 0.3441261574074074 0.058958333333333356 0.11170138888888888
2 0.8721354166666666 0.3109780092592592 0.04645833333333336 0.13493055555555555
2 0.8940625000000001 0.2981655092592592 0.05093749999999986 0.13187499999999996
2 0.9430208333333333 0.7110937500000001 0.028541666666666642 0.17056712962962947
0 0.5777083333333334 0.4542650462962962 0.023541666666666572 0.04873842592592581