2 0.21122685185185186 0.4503125 0.04612268518518521 0.15114583333333337
2 0.42280092592592594 0.2991666666666667 0.046354166666666606 0.11531250000000001
2 0.47120949074074076 0.3031770833333333 0.04317129629629637 0.1135416666666667
2 0.3948784722222222 0.6513020833333334 0.06388888888888893 0.1258333333333333
2 0.4060474537037037 0.70921875 0.06846064814814809 0.12302083333333336
2 0.4583043981481481 0.6727604166666666 0.04762731481481488 0.14968749999999992
2 0.7086516203703704 0.72234375 0.06759259259259273 0.14166666666666677
2 0.8939814814814813 0.603125 0.06163194444444429 0.14906249999999996
2 0.826880787037037 0.25796875 0.038136574074074045 0.10385416666666672
2 0.6719907407407406 0.35885416666666664 0.040972222222222146 0.09624999999999995
2 0.7725405092592592 0.35067708333333336 0.04924768518518512 0.10927083333333325
2 0.5692418981481481 0.21494791666666666 0.033333333333333215 0.10041666666666664
2 0.6877314814814814 0.18760416666666666 0.031481481481481485 0.09249999999999999
3 0.6309895833333334 0.40859375 0.05162037037037024 0.13125
3 0.5792534722222222 0.13494791666666667 0.03125 0.08624999999999998
0 0.39076967592592593 0.7199479166666667 0.018460648148148094 0.035520833333333356