2 0.009479166666666667 0.4371759259259259 0.018958333333333334 0.13189814814814813
2 0.34833333333333333 0.2890798611111111 0.04645833333333336 0.11151620370370371
2 0.4914583333333333 0.21437499999999998 0.04166666666666678 0.1098842592592593
2 0.46838541666666667 0.5487615740740741 0.06489583333333329 0.13052083333333328
2 0.40432291666666664 0.573125 0.06614583333333339 0.12585648148148146
2 0.45010416666666664 0.3898148148148148 0.05291666666666668 0.11473379629629629
2 0.7057291666666666 0.6061226851851852 0.07218750000000007 0.14623842592592595
2 0.8480729166666666 0.2972858796296296 0.0484375 0.09437499999999996
2 0.18953124999999998 0.6925983796296297 0.07937499999999997 0.16039351851851863
2 0.6180208333333332 0.37640046296296303 0.049374999999999857 0.10843749999999996
2 0.29098958333333336 0.28290509259259256 0.03937500000000007 0.09892361111111114
2 0.62609375 0.20847800925925924 0.03729166666666668 0.09108796296296298
3 0.5854166666666667 0.40888310185185184 0.05625 0.11790509259259263
3 0.4890625 0.12153356481481481 0.03687500000000003 0.08483796296296298
0 0.49484374999999997 0.5967592592592592 0.02791666666666668 0.04412037037037031
2 0.15177083333333333 0.5916956018518519 0.07322916666666668 0.16186342592592595
2 0.7641145833333333 0.5264293981481482 0.06395833333333342 0.1398726851851851