3 0.2974652777777778 0.3717013888888889 0.0561805555555555 0.13868055555555553
3 0.05125 0.05513888888888888 0.02211805555555557 0.08170138888888887
2 0.3049479166666667 0.1808159722222222 0.044791666666666605 0.118125
2 0.07227430555555556 0.1570659722222222 0.05229166666666667 0.10423611111111111
2 0.03796875 0.3719965277777778 0.04850694444444444 0.14475694444444437
2 0.40435763888888887 0.3630729166666667 0.0625 0.14194444444444443
2 0.4764409722222222 0.4763715277777778 0.06385416666666668 0.1326041666666667
2 0.38911458333333326 0.5564756944444444 0.07079861111111115 0.1639930555555555
2 0.5322569444444445 0.4907638888888889 0.05472222222222225 0.14333333333333337
2 0.5971180555555555 0.4901041666666666 0.06944444444444446 0.17333333333333342
2 0.6788541666666668 0.5453472222222222 0.07864583333333322 0.16572916666666657
2 0.6736284722222223 0.27501736111111114 0.05920138888888893 0.13406249999999992
2 0.9173090277777778 0.4071701388888889 0.07170138888888893 0.13434027777777774
2 0.9233333333333335 0.36170138888888886 0.04635416666666643 0.11815972222222229
2 0.9546354166666667 0.36335069444444446 0.059097222222222 0.12937500000000002
2 0.967829861111111 0.7812326388888889 0.06309027777777772 0.16850694444444442
0 0.5179861111111111 0.516875 0.026076388888888857 0.048993055555555644