2 0.1703125 0.4234375 0.0453125 0.1265625
2 0.59296875 0.5296875 0.046875 0.14921875
2 0.46328125 0.38203125 0.05 0.140625
2 0.50625 0.5046875 0.0359375 0.1140625
2 0.38515625 0.215625 0.04453125 0.10078125
0 0.53359375 0.54765625 0.02265625 0.03046875
2 0.42265625 0.58828125 0.06796875 0.14921875
2 0.709375 0.54765625 0.0375 0.14921875
2 0.71875 0.28125 0.03984375 0.09375
2 0.93203125 0.3359375 0.0453125 0.1046875
2 0.97734375 0.33046875 0.03984375 0.1125
2 0.95859375 0.40859375 0.0484375 0.109375
2 0.190625 0.2125 0.03359375 0.103125
2 0.00859375 0.31953125 0.0171875 0.09921875
2 0.04296875 0.7265625 0.05 0.18203125
3 0.37265625 0.4140625 0.0484375 0.1484375
2 0.703125 0.49765625 0.0421875 0.10546875