3 0.03896412037037037 0.4515625 0.06965277777777779 0.1359375
0 0.45973958333333337 0.4359375 0.026481481481481595 0.05
2 0.4361284722222222 0.3890625 0.045798611111111144 0.121875
2 0.2130266203703704 0.43046875 0.061701388888888875 0.13125
2 0.27629050925925924 0.4046875 0.06174768518518521 0.1328125
2 0.36301504629629633 0.48359375 0.06841435185185185 0.146875
2 0.2222453703703704 0.6203125 0.08914351851851858 0.1609375
2 0.4632407407407408 0.29140625 0.06956018518518511 0.1328125
2 0.509994212962963 0.42734375 0.07093750000000014 0.1265625
2 0.7189178240740741 0.4953125 0.0769212962962964 0.1703125
2 0.7082233796296297 0.32890625 0.07420138888888879 0.13125
2 0.7738483796296297 0.32890625 0.06680555555555542 0.1453125
2 0.8795138888888889 0.375 0.07337962962962977 0.15625