2 0.06968171296296297 0.2386111111111111 0.04692129629629629 0.10715277777777779
2 0.2925405092592593 0.3822916666666667 0.05731481481481478 0.12454861111111111
2 0.2941435185185185 0.5809548611111112 0.054479166666666676 0.15569444444444436
2 0.3744386574074074 0.3914236111111111 0.04206018518518517 0.1304513888888888
2 0.4455266203703704 0.48215277777777776 0.04427083333333339 0.1414236111111112
2 0.546886574074074 0.436875 0.07137731481481477 0.124861111111111
0 0.6068923611111111 0.4065972222222222 0.01701388888888893 0.023784722222222145
2 0.5938252314814815 0.37090277777777775 0.05078703703703695 0.1197222222222222
2 0.5447511574074074 0.28203125 0.04765046296296305 0.09312500000000004
2 0.7332696759259258 0.5062673611111111 0.06349537037037045 0.17618055555555562
2 0.8257523148148149 0.33758680555555554 0.05658564814814824 0.13857638888888885
2 0.8696064814814815 0.36477430555555557 0.05364583333333321 0.14163194444444444
2 0.9490856481481481 0.41229166666666667 0.059710648148148235 0.13864583333333336
3 0.13078703703703703 0.41170138888888885 0.05916666666666668 0.1557986111111111