2 0.38885995370370374 0.4271932870370371 0.07256944444444446 0.1487962962962964
2 0.29800347222222223 0.32307291666666665 0.054340277777777765 0.11978009259259252
2 0.17806712962962962 0.4968865740740741 0.06006944444444447 0.14814814814814808
2 0.14291087962962962 0.4527951388888889 0.0787615740740741 0.14755787037037038
2 0.06565393518518518 0.3830381944444444 0.05815972222222223 0.13869212962962968
2 0.026678240740740745 0.44207175925925923 0.05318287037037037 0.1306365740740741
2 0.04809027777777777 0.6247800925925926 0.06840277777777778 0.16261574074074084
2 0.542332175925926 0.38348958333333333 0.07650462962962976 0.1287268518518518
2 0.609375 0.39087962962962963 0.05706018518518512 0.1511111111111111
2 0.6270543981481481 0.5052951388888889 0.08715277777777786 0.16358796296296313
2 0.7367766203703704 0.4381886574074074 0.06655092592592596 0.15472222222222226
2 0.9166087962962962 0.6126736111111111 0.0853587962962962 0.15725694444444435
0 0.7086226851851851 0.5643171296296297 0.018865740740740832 0.046203703703703705