2 0.10078125 0.20383680555555556 0.04375 0.11158564814814813
3 0.13046875 0.39412037037037034 0.0671875 0.14943287037037037
0 0.6203125 0.4412210648148148 0.021875 0.030011574074073975
2 0.2953125 0.37546875 0.059375 0.1290046296296296
2 0.27421875 0.57515625 0.075 0.1776736111111111
2 0.43359375 0.4923611111111111 0.0578125 0.15554398148148146
2 0.37578125 0.40791087962962963 0.053125 0.15547453703703712
2 0.52578125 0.47419560185185183 0.0609375 0.14309027777777777
2 0.56484375 0.30524305555555553 0.053125 0.13672453703703705
2 0.621875 0.3943692129629629 0.0484375 0.11790509259259263
2 0.68984375 0.5516261574074074 0.084375 0.14031249999999992
2 0.83359375 0.387349537037037 0.0484375 0.14290509259259263
2 0.86796875 0.4222337962962963 0.0546875 0.12424768518518511
2 0.93203125 0.46849537037037037 0.053125 0.12266203703703696