2 0.46171875 0.5859375 0.0484375 0.1234375
2 0.21953125 0.3171875 0.034375 0.11796875
2 0.1703125 0.30546875 0.0265625 0.10625
2 0.3796875 0.2125 0.025 0.1078125
2 0.53359375 0.21640625 0.02421875 0.07421875
2 0.815625 0.27890625 0.03828125 0.0890625
2 0.89140625 0.48828125 0.03671875 0.12109375
2 0.77109375 0.53671875 0.034375 0.1453125
2 0.70703125 0.5875 0.03984375 0.1515625
2 0.51328125 0.53359375 0.05078125 0.12578125
2 0.5625 0.38671875 0.0375 0.1078125
2 0.36328125 0.41484375 0.0296875 0.11875
2 0.10625 0.6109375 0.05 0.1546875
2 0.18046875 0.71953125 0.04609375 0.1671875
3 0.36484375 0.12734375 0.025 0.09921875
3 0.51796875 0.40625 0.0421875 0.13515625
0 0.5515625 0.5796875 0.02265625 0.03046875