2 0.01796875 0.7234375 0.0359375 0.1875
2 0.1390625 0.21328125 0.034375 0.10625
2 0.94609375 0.39921875 0.053125 0.115625
2 0.92109375 0.34609375 0.05078125 0.11875
2 0.6984375 0.55 0.07265625 0.15078125
2 0.34765625 0.2125 0.0375 0.1046875
2 0.56171875 0.515625 0.05546875 0.1265625
2 0.4984375 0.50546875 0.05546875 0.12578125
2 0.44375 0.3921875 0.04140625 0.1265625
2 0.41171875 0.59296875 0.053125 0.14375
0 0.659375 0.53671875 0.02265625 0.03046875
2 0.69296875 0.278125 0.04140625 0.109375
2 0.12578125 0.425 0.0453125 0.12421875
2 0.66953125 0.4828125 0.0375 0.1109375
2 0.965625 0.33828125 0.04453125 0.11328125
3 0.34765625 0.4125 0.0390625 0.15859375