3 0.2015625 0.409375 0.04375 0.14296875
2 0.340625 0.3953125 0.0296875 0.12265625
2 0.1875 0.22109375 0.0203125 0.1
2 0.43203125 0.4578125 0.0359375 0.1375
2 0.3546875 0.57890625 0.0375 0.140625
2 0.6703125 0.53359375 0.0515625 0.13828125
2 0.5953125 0.2734375 0.0328125 0.109375
2 0.815625 0.37578125 0.04609375 0.1203125
2 0.975 0.4265625 0.04140625 0.13046875
2 0.98046875 0.7578125 0.0390625 0.16953125
2 0.52109375 0.48984375 0.03046875 0.13046875
2 0.5 0.47265625 0.0359375 0.12734375
2 0.88515625 0.36015625 0.02265625 0.11640625
2 0.90234375 0.35234375 0.03515625 0.1078125
0 0.6234375 0.43359375 0.021875 0.0296875