3 0.253125 0.40390625 0.053125 0.128125
2 0.24609375 0.21015625 0.0296875 0.10546875
2 0.0078125 0.20859375 0.01484375 0.1
2 0.37265625 0.39140625 0.0296875 0.11875
2 0.453125 0.475 0.02890625 0.12265625
2 0.38515625 0.58359375 0.046875 0.1390625
2 0.5109375 0.490625 0.0546875 0.13203125
2 0.5640625 0.4921875 0.04140625 0.11015625
2 0.66640625 0.54296875 0.05390625 0.1328125
2 0.62890625 0.275 0.034375 0.109375
2 0.88046875 0.38359375 0.04375 0.1078125
2 0.9046875 0.35234375 0.02890625 0.1328125
2 0.9265625 0.34140625 0.03359375 0.1296875
2 0.9859375 0.7609375 0.02734375 0.16953125
0 0.6109375 0.47109375 0.01640625 0.04765625