2 0.259375 0.43671875 0.05390625 0.15078125
2 0.43046875 0.66953125 0.07265625 0.1046875
2 0.4484375 0.63046875 0.04921875 0.109375
2 0.490625 0.6375 0.025 0.146875
2 0.7328125 0.66015625 0.0421875 0.171875
2 0.92578125 0.55859375 0.05078125 0.15234375
2 0.82578125 0.31875 0.03828125 0.11328125
2 0.89296875 0.2328125 0.03828125 0.10390625
2 0.7484375 0.1546875 0.02578125 0.07421875
2 0.63125 0.1765625 0.03203125 0.090625
2 0.5328125 0.27578125 0.025 0.09140625
2 0.48203125 0.26953125 0.0203125 0.1140625
3 0.6421875 0.1078125 0.02734375 0.071875
3 0.690625 0.375 0.0328125 0.134375
2 0.72265625 0.33125 0.0265625 0.13046875
0 0.47734375 0.6890625 0.0171875 0.04765625