2 0.20625 0.42421875 0.0578125 0.134375
2 0.39453125 0.2546875 0.0234375 0.115625
2 0.446875 0.26171875 0.02890625 0.10625
2 0.53984375 0.1640625 0.028125 0.08984375
2 0.65859375 0.1453125 0.0296875 0.0828125
2 0.6546875 0.3171875 0.0375 0.10546875
2 0.7453125 0.303125 0.0375 0.09765625
2 0.80078125 0.21796875 0.0296875 0.10546875
2 0.89765625 0.546875 0.05390625 0.140625
2 0.978125 0.41875 0.0390625 0.1265625
2 0.70546875 0.6796875 0.0609375 0.1515625
2 0.4640625 0.6375 0.05078125 0.13984375
2 0.42265625 0.67421875 0.06015625 0.10859375
2 0.38984375 0.62109375 0.04140625 0.11875
3 0.6046875 0.36640625 0.034375 0.12421875
3 0.5546875 0.0875 0.0265625 0.090625
0 0.38203125 0.68984375 0.01640625 0.0328125