2 0.0921875 0.4609375 0.0359375 0.12890625
2 0.37421875 0.29140625 0.03203125 0.09609375
2 0.4265625 0.3 0.02734375 0.1078125
2 0.49765625 0.58203125 0.04765625 0.1265625
2 0.453125 0.6078125 0.06015625 0.12578125
2 0.54296875 0.384375 0.0375 0.1125
2 0.77265625 0.5953125 0.04453125 0.1328125
2 0.87734375 0.27265625 0.0359375 0.0921875
2 0.2859375 0.6953125 0.0578125 0.15546875
2 0.696875 0.3578125 0.02890625 0.10546875
2 0.546875 0.209375 0.0265625 0.096875
2 0.6671875 0.18984375 0.025 0.08984375
3 0.66171875 0.39921875 0.040625 0.11484375
3 0.53984375 0.128125 0.02578125 0.0828125
0 0.53515625 0.6140625 0.021875 0.0421875
2 0.26875 0.62734375 0.03984375 0.16796875
2 0.84609375 0.49609375 0.04453125 0.13671875