2 0.19296875 0.43671875 0.03515625 0.14765625
2 0.4734375 0.27734375 0.0390625 0.1109375
2 0.52265625 0.275 0.0359375 0.109375
2 0.4078125 0.6234375 0.0546875 0.16796875
2 0.35703125 0.6703125 0.05859375 0.1734375
2 0.55 0.6390625 0.04921875 0.146875
2 0.82421875 0.575 0.04296875 0.14140625
2 0.96953125 0.459375 0.04140625 0.13125
2 0.93046875 0.246875 0.03203125 0.0828125
2 0.6671875 0.35 0.034375 0.09296875
2 0.79453125 0.33515625 0.04140625 0.10546875
2 0.6328125 0.190625 0.0265625 0.096875
2 0.75078125 0.171875 0.025 0.08984375
3 0.7203125 0.37734375 0.0421875 0.12734375
3 0.628125 0.10859375 0.02578125 0.0828125
0 0.509375 0.65390625 0.015625 0.03359375
2 0.4921875 0.61875 0.0484375 0.140625