2 0.4125 0.3984375 0.0546875 0.14140625
2 0.3265625 0.29140625 0.040625 0.1140625
2 0.1984375 0.46015625 0.0421875 0.1421875
2 0.165625 0.41484375 0.0609375 0.13828125
2 0.0921875 0.34296875 0.04140625 0.1328125
2 0.05 0.4 0.0375 0.125
2 0.0625 0.58359375 0.04921875 0.15546875
2 0.56796875 0.36015625 0.0609375 0.1203125
2 0.634375 0.36953125 0.03828125 0.14609375
2 0.64609375 0.484375 0.06796875 0.1546875
2 0.759375 0.421875 0.04765625 0.1484375
2 0.93046875 0.60234375 0.06640625 0.14765625
0 0.725 0.54609375 0.0140625 0.04375