2 0.1703125 0.43046875 0.0484375 0.13828125
2 0.35078125 0.26015625 0.0390625 0.1109375
2 0.40078125 0.2671875 0.0359375 0.109375
2 0.49375 0.1640625 0.034375 0.09296875
2 0.3609375 0.6296875 0.0546875 0.1203125
2 0.4125 0.6640625 0.059375 0.11640625
2 0.44375 0.65625 0.0375 0.13359375
2 0.6765625 0.69765625 0.05546875 0.13203125
2 0.878125 0.5484375 0.0515625 0.14375
2 0.93671875 0.4203125 0.0421875 0.13671875
2 0.709375 0.29921875 0.034375 0.09296875
2 0.74921875 0.20859375 0.03359375 0.08671875
2 0.60546875 0.14609375 0.021875 0.096875
2 0.61953125 0.31171875 0.0296875 0.13125
3 0.5578125 0.365625 0.03203125 0.13828125
3 0.50078125 0.09140625 0.02578125 0.0828125
0 0.38046875 0.7015625 0.015625 0.03359375