2 0.0140625 0.24453125 0.028125 0.1109375
2 0.24609375 0.3875 0.0515625 0.14375
2 0.31640625 0.3765625 0.04296875 0.121875
0 0.51796875 0.43046875 0.021875 0.0390625
2 0.23203125 0.578125 0.04921875 0.17578125
3 0.078125 0.40546875 0.0484375 0.146875
2 0.38828125 0.48125 0.05078125 0.140625
2 0.49609375 0.38984375 0.0546875 0.11171875
2 0.5125 0.29140625 0.03828125 0.109375
2 0.53203125 0.4421875 0.04140625 0.125
2 0.71640625 0.509375 0.07734375 0.1734375
2 0.76328125 0.35078125 0.03515625 0.1484375
2 0.821875 0.3765625 0.03515625 0.14140625
2 0.90859375 0.43203125 0.06015625 0.14453125