2 0.39140625 0.42265625 0.034375 0.134375
2 0.4515625 0.5046875 0.03125 0.14296875
2 0.509375 0.46484375 0.0453125 0.13046875
2 0.55390625 0.28203125 0.03828125 0.11796875
2 0.66015625 0.38203125 0.0453125 0.1171875
2 0.67890625 0.5421875 0.04296875 0.146875
2 0.8390625 0.3578125 0.03984375 0.13125
2 0.87421875 0.38203125 0.03125 0.11171875
2 0.9390625 0.425 0.04609375 0.1109375
2 0.30234375 0.3984375 0.0375 0.1171875
2 0.2921875 0.5875 0.05234375 0.16171875
2 0.10703125 0.22890625 0.0328125 0.0875
2 0.98828125 0.784375 0.0234375 0.078125
3 0.13359375 0.40546875 0.0484375 0.13984375
0 0.62421875 0.4328125 0.01640625 0.04765625