3 0.04609375 0.38515625 0.04921875 0.1234375
2 0.21875 0.390625 0.0609375 0.1328125
2 0.20859375 0.58046875 0.053125 0.16484375
2 0.365625 0.471875 0.0546875 0.14140625
2 0.28203125 0.3703125 0.03671875 0.125
2 0.434375 0.39296875 0.0546875 0.121875
2 0.4859375 0.2890625 0.04296875 0.10625
2 0.528125 0.42421875 0.02578125 0.14453125
0 0.546875 0.4359375 0.0125 0.0296875
2 0.7375 0.5171875 0.0484375 0.1609375
2 0.72109375 0.35390625 0.053125 0.1359375
2 0.78984375 0.37265625 0.04921875 0.1578125
2 0.890625 0.4296875 0.04296875 0.13984375