2 0.1515625 0.44609375 0.0359375 0.12890625
2 0.43515625 0.28125 0.03203125 0.09609375
2 0.48671875 0.2875 0.0359375 0.109375
2 0.5015625 0.6109375 0.0421875 0.1234375
2 0.49609375 0.59140625 0.03359375 0.12421875
2 0.6125 0.365625 0.0375 0.1125
2 0.78984375 0.59375 0.05390625 0.1484375
2 0.9125 0.24375 0.0359375 0.0921875
2 0.32265625 0.69140625 0.04921875 0.153125
2 0.7546875 0.34375 0.02890625 0.10546875
2 0.5953125 0.2 0.0265625 0.096875
2 0.71640625 0.18359375 0.025 0.08984375
3 0.7 0.38828125 0.040625 0.11484375
3 0.5890625 0.11640625 0.02578125 0.0828125
0 0.51796875 0.6203125 0.021875 0.0421875
2 0.33671875 0.62421875 0.03984375 0.16796875
2 0.9078125 0.484375 0.04765625 0.14453125