2 0.40546875 0.58671875 0.0625 0.14375
2 0.41640625 0.384375 0.04375 0.12578125
2 0.09453125 0.20390625 0.034375 0.10625
2 0.31171875 0.2140625 0.04140625 0.1078125
2 0.9046875 0.34375 0.05078125 0.1140625
2 0.67109375 0.278125 0.03828125 0.103125
2 0.94765625 0.3328125 0.0453125 0.12109375
2 0.625 0.4890625 0.0515625 0.1109375
2 0.6859375 0.54765625 0.05390625 0.1515625
2 0.53515625 0.50546875 0.05546875 0.12578125
2 0.4859375 0.48984375 0.0484375 0.14375
2 0.07421875 0.42265625 0.059375 0.153125
3 0.30625 0.40546875 0.0421875 0.12421875
0 0.5828125 0.471875 0.02265625 0.03046875
2 0.9890625 0.790625 0.021875 0.10859375
2 0.92421875 0.39375 0.03515625 0.1125