2 0.1296875 0.42265625 0.046875 0.12578125
2 0.3015625 0.25859375 0.034375 0.1
2 0.35 0.26953125 0.0296875 0.1015625
2 0.44375 0.1671875 0.0265625 0.08359375
2 0.33125 0.63984375 0.05546875 0.13203125
2 0.409375 0.6609375 0.04609375 0.12578125
2 0.434375 0.66171875 0.0484375 0.1359375
2 0.6484375 0.71640625 0.0578125 0.146875
2 0.86875 0.54765625 0.04765625 0.1421875
2 0.9078125 0.415625 0.04453125 0.1328125
2 0.98046875 0.2515625 0.02734375 0.1015625
2 0.70390625 0.20859375 0.02578125 0.0953125
2 0.66953125 0.29921875 0.0328125 0.10546875
2 0.58359375 0.32265625 0.0375 0.11640625
2 0.5609375 0.146875 0.02578125 0.0828125
3 0.509375 0.36015625 0.02734375 0.11640625
3 0.45703125 0.09609375 0.0328125 0.06796875
0 0.38828125 0.71875 0.0171875 0.04453125