2 0.22265625 0.44140625 0.0359375 0.12890625
2 0.4921875 0.2734375 0.03828125 0.10234375
2 0.5421875 0.2796875 0.0359375 0.109375
2 0.4625 0.615625 0.0421875 0.1234375
2 0.4359375 0.63828125 0.06015625 0.1546875
2 0.63984375 0.6484375 0.05390625 0.14453125
2 0.8609375 0.5609375 0.04140625 0.13125
2 0.92578125 0.22890625 0.03203125 0.090625
2 0.7015625 0.33828125 0.03671875 0.10234375
2 0.81796875 0.31953125 0.02890625 0.10546875
2 0.6453125 0.1859375 0.0265625 0.096875
2 0.75703125 0.1671875 0.025 0.08984375
3 0.7171875 0.37890625 0.040625 0.11484375
3 0.64609375 0.11015625 0.02578125 0.0828125
0 0.5 0.67890625 0.021875 0.0421875
2 0.3765625 0.66484375 0.0484375 0.140625