3 0.06328125 0.38984375 0.0484375 0.13125
0 0.48203125 0.4328125 0.01796875 0.04765625
2 0.46328125 0.3828125 0.0265625 0.11875
2 0.23828125 0.39296875 0.040625 0.12734375
2 0.30390625 0.3765625 0.040625 0.12890625
2 0.38125 0.46640625 0.0453125 0.1421875
2 0.2265625 0.5828125 0.0640625 0.15390625
2 0.50078125 0.28984375 0.0484375 0.1265625
2 0.5328125 0.43125 0.05078125 0.1203125
2 0.73203125 0.528125 0.04921875 0.165625
2 0.73984375 0.3609375 0.053125 0.125
2 0.8046875 0.3703125 0.04375 0.140625
2 0.90390625 0.43046875 0.0484375 0.15078125