2 0.153125 0.21796875 0.02578125 0.09375
2 0.32421875 0.4 0.04765625 0.1328125
2 0.334375 0.5703125 0.059375 0.14765625
2 0.41015625 0.43984375 0.04375 0.1328125
2 0.48359375 0.4921875 0.04453125 0.15078125
2 0.50078125 0.46875 0.0375 0.13828125
2 0.5765625 0.28203125 0.03203125 0.1078125
2 0.7609375 0.38359375 0.0421875 0.1203125
2 0.659375 0.53125 0.0578125 0.15625
2 0.87421875 0.36328125 0.0484375 0.1109375
2 0.87734375 0.35234375 0.03671875 0.1328125
2 0.95546875 0.42421875 0.046875 0.1375
2 0.9828125 0.76875 0.034375 0.165625
0 0.621875 0.4375 0.015625 0.05390625
3 0.175 0.39453125 0.05390625 0.140625