2 0.06015625 0.23203125 0.03828125 0.10625
2 0.271875 0.384375 0.0484375 0.121875
2 0.2578125 0.5828125 0.04296875 0.15390625
2 0.35234375 0.396875 0.03203125 0.1296875
2 0.41640625 0.48984375 0.03359375 0.140625
2 0.52109375 0.4484375 0.0625 0.121875
0 0.58359375 0.42109375 0.01484375 0.0234375
2 0.5734375 0.38515625 0.04140625 0.11796875
2 0.53125 0.29453125 0.03984375 0.0921875
2 0.7015625 0.52578125 0.05 0.1734375
2 0.80703125 0.3609375 0.0453125 0.1375
2 0.84921875 0.38984375 0.04296875 0.13984375
2 0.92421875 0.43984375 0.04921875 0.1359375
3 0.1078125 0.40703125 0.046875 0.15390625