2 0.0265625 0.34296875 0.0390625 0.14140625
2 0.00625 0.4015625 0.0125 0.15859375
2 0.021875 0.58515625 0.04375 0.1765625
2 0.09765625 0.4109375 0.06328125 0.1546875
2 0.1421875 0.4578125 0.05703125 0.140625
2 0.275 0.28125 0.05234375 0.11640625
2 0.36640625 0.3984375 0.0703125 0.1453125
2 0.5234375 0.3453125 0.05078125 0.134375
2 0.58515625 0.3640625 0.03984375 0.128125
2 0.61328125 0.4796875 0.05625 0.1640625
2 0.71953125 0.415625 0.07578125 0.13984375
2 0.84453125 0.57109375 0.053125 0.16171875
0 0.728125 0.56484375 0.015625 0.0375