2 0.44296875 0.59140625 0.0484375 0.14375
2 0.26953125 0.41796875 0.034375 0.12578125
2 0.11171875 0.32890625 0.034375 0.10625
2 0.2890625 0.2140625 0.04140625 0.1078125
2 0.45625 0.21171875 0.03828125 0.090625
2 0.76796875 0.27109375 0.03828125 0.0890625
2 0.97578125 0.34375 0.03671875 0.12109375
2 0.80234375 0.4953125 0.034375 0.1109375
2 0.73515625 0.54765625 0.03984375 0.1515625
2 0.51796875 0.51328125 0.05078125 0.12578125
2 0.51640625 0.38359375 0.0390625 0.1265625
2 0.0375 0.60703125 0.059375 0.153125
2 0.11796875 0.72421875 0.04609375 0.1671875
3 0.26484375 0.12421875 0.025 0.09921875
3 0.44296875 0.4140625 0.0421875 0.12421875
0 0.5609375 0.5640625 0.02265625 0.03046875
2 0.0609375 0.3015625 0.0328125 0.1265625
2 0.9921875 0.4328125 0.015625 0.0953125