2 0.13515625 0.60546875 0.0453125 0.1546875
2 0.2078125 0.72265625 0.05234375 0.16640625
2 0.40234375 0.41796875 0.0296875 0.12421875
2 0.2703125 0.3234375 0.03125 0.11484375
2 0.21796875 0.30546875 0.03046875 0.10703125
2 0.4171875 0.21484375 0.0234375 0.08828125
3 0.40390625 0.1375 0.0265625 0.08359375
3 0.55078125 0.41953125 0.02578125 0.12734375
2 0.5109375 0.53125 0.046875 0.121875
2 0.45078125 0.57734375 0.053125 0.11875
2 0.73203125 0.58671875 0.04609375 0.15234375
2 0.5875 0.38359375 0.03359375 0.10390625
2 0.56640625 0.21015625 0.03203125 0.09765625
2 0.8296875 0.2796875 0.0390625 0.09453125
2 0.9390625 0.49296875 0.04609375 0.1234375
2 0.77421875 0.5296875 0.053125 0.134375
0 0.53203125 0.58125 0.0171875 0.03125